286aa0 2 21 29 -1
286aa4 2 20 29 -1
286aa8 2 19 29 -1
286aac 2 18 29 -1
286ab0 2 17 29 -1
286ab4 2 16 29 -1
286ab8 0 29 29 -1
286abc 0 -1 31 -1
28f5c8 2 9 30 -1
28f5cc 0 64 2 9
28f5d0 0 4 64 -1
28f5d4 0 5 65 -1
28f5d8 0 5 4 -1
28f5dc 1 4 0 0
28f5e0 1 3 2 5
28f5e4 0 3 3 -1
28f5e8 0 4 2 -1
28f5ec 0 5 3 4
28f5f0 0 3 5 -1
28f5f4 0 3 3 5
28f5f8 0 5 2 3
28f5fc 2 10 30 -1
28f600 0 -1 16 5
28f604 2 2 10 -1
28f608 2 3 2 -1
28f60c 0 2 3 -1
28f610 0 2 2 -1
28f614 0 2 2 -1
28f618 0 -1 2 0
28f674 2 10 30 -1
28f678 0 9 0 -1
28f67c 0 -1 10 9
28f680 2 2 28 -1
28f684 0 -1 23 2
28f7e0 2 2 28 -1
28f7e4 0 -1 2 0
28f82c 2 10 30 -1
28f830 2 2 10 -1
28f834 0 -1 2 0
28f838 2 3 2 -1
28f83c 0 -1 23 3
28f8f4 2 9 30 -1
28f8f8 2 10 30 -1
28f8fc 0 9 9 -1
28f900 0 -1 30 9
28f904 2 9 30 -1
28f908 0 10 10 -1
28f90c 0 -1 30 10
28f910 0 2 10 9
28f914 0 -1 2 0
28f918 2 10 30 -1
28f91c 0 -1 10 0
28fae4 2 10 30 -1
28fae8 0 -1 30 0
28faec 0 -1 10 -1
28faf0 0 21 -1 -1
28faf4 0 21 21 -1
28faf8 2 16 30 -1
28fafc 2 3 16 -1
28fb00 0 -1 3 0
28fb04 0 2 16 -1
28fb08 0 -1 2 0
28fb0c 2 4 3 -1
28fb10 2 5 3 -1
28fb14 0 31 -1 -1
26b760 0 29 29 -1
26b764 0 -1 29 31
26b768 0 -1 29 23
26b76c 0 -1 29 22
26b770 0 -1 29 21
26b774 0 -1 29 20
26b778 0 -1 29 19
26b77c 0 -1 29 18
26b780 0 -1 29 17
26b784 0 -1 29 16
26b788 0 -1 4 5
26b78c 0 -1 4 0
26b790 0 -1 5 0
26b794 0 6 4 -1
26b798 0 2 5 -1
26b79c 0 -1 6 2
26b890 1 2 0 0
26b894 0 -1 -1 -1
26b93c 2 31 29 -1
26b940 2 23 29 -1
26b944 2 22 29 -1
26b948 2 21 29 -1
26b94c 2 20 29 -1
26b950 2 19 29 -1
26b954 2 18 29 -1
26b958 2 17 29 -1
26b95c 2 16 29 -1
26b960 0 29 29 -1
26b964 0 -1 31 -1
28fb18 0 -1 2 0
28fb1c 2 2 16 -1
28fb20 2 4 2 -1
28fb24 0 3 4 -1
28fb28 0 2 0 -1
28fb2c 0 -1 3 2
28fb44 2 17 16 -1
28fb48 2 18 30 -1
28fb4c 0 2 17 -1
28fb50 0 -1 2 0
28fb54 2 2 17 -1
28fb58 0 -1 -1 -1
28fb60 0 2 2 -1
28fb64 0 19 2 -1
28fb68 2 2 16 -1
28fb6c 0 -1 2 0
28fb70 1 4 0 17
28fb74 1 5 0 18
28fb78 1 6 0 0
28fb7c 0 31 -1 -1
284fec 0 29 29 -1
284ff0 0 -1 29 16
284ff4 1 16 0 4
284ff8 0 -1 29 31
284ffc 0 3 16 -1
285000 0 4 0 -1
285004 0 -1 3 4
285140 0 2 0 -1
285144 0 -1 3 2
2851a0 1 4 0 16
2851a4 0 31 -1 -1
284d90 0 29 29 -1
284d94 0 -1 29 16
284d98 1 16 0 4
284d9c 0 -1 29 19
284da0 1 19 0 0
284da4 0 -1 29 31
284da8 0 -1 29 22
284dac 0 -1 29 21
284db0 0 -1 29 20
284db4 0 -1 29 18
284db8 0 -1 29 17
284dbc 0 -1 16 0
284dc0 0 17 16 -1
284dc4 0 4 0 -1
284dc8 0 -1 17 4
284e78 0 2 0 -1
284e7c 0 -1 17 2
284e94 2 5 16 -1
284e98 0 2 5 -1
284e9c 0 -1 2 4
284ea0 2 4 5 -1
284ea4 2 3 28 -1
284ea8 0 2 4 -1
284eac 1 2 2 3
284eb0 2 2 2 -1
284eb4 0 -1 2 4
284ed8 2 5 16 -1
284edc 0 3 5 -1
284ee0 0 2 0 -1
284ee4 0 -1 3 2
284f20 0 2 17 -1
284f24 0 3 -1 -1
284f28 1 3 3 2
284f2c 2 3 3 -1
284f30 0 4 -1 -1
284f34 1 4 4 2
284f38 2 4 4 -1
284f3c 0 18 3 -1
284f40 0 -1 18 -1
284f44 0 22 0 -1
284f48 0 21 0 -1
284f4c 0 2 18 -1
284f50 1 17 2 16
284f54 1 20 18 4
284f58 0 2 20 -1
284f5c 0 -1 2 22
284f60 2 4 17 -1
284f64 0 31 -1 -1
284d90 0 29 29 -1
284d94 0 -1 29 16
284d98 1 16 0 4
284d9c 0 -1 29 19
284da0 1 19 0 0
284da4 0 -1 29 31
284da8 0 -1 29 22
284dac 0 -1 29 21
284db0 0 -1 29 20
284db4 0 -1 29 18
284db8 0 -1 29 17
284dbc 0 -1 16 0
284dc0 0 17 16 -1
284dc4 0 4 0 -1
284dc8 0 -1 17 4
284e78 0 2 0 -1
284e7c 0 -1 17 2
284e80 0 3 -1 -1
284e84 1 3 3 17
284e88 0 3 3 -1
284e8c 0 2 0 -1
284e90 0 -1 3 2
284f20 0 2 17 -1
284f24 0 3 -1 -1
284f28 1 3 3 2
284f2c 2 3 3 -1
284f30 0 4 -1 -1
284f34 1 4 4 2
284f38 2 4 4 -1
284f3c 0 18 3 -1
284f40 0 -1 18 -1
284f44 0 22 0 -1
284f48 0 21 0 -1
284f4c 0 2 18 -1
284f50 1 17 2 16
284f54 1 20 18 4
284f58 0 2 20 -1
284f5c 0 -1 2 22
284f70 0 -1 2 21
284fb0 0 17 17 -1
284fb4 0 20 20 -1
284fb8 0 18 18 -1
284fbc 0 -1 18 -1
284fc0 1 2 0 19
284fc4 2 31 29 -1
284fc8 2 22 29 -1
284fcc 2 21 29 -1
284fd0 2 20 29 -1
284fd4 2 19 29 -1
284fd8 2 18 29 -1
284fdc 2 17 29 -1
284fe0 2 16 29 -1
284fe4 0 29 29 -1
284fe8 0 -1 31 -1
284f68 0 19 19 2
284f6c 0 -1 -1 -1
284fb0 0 17 17 -1
284fb4 0 20 20 -1
284fb8 0 18 18 -1
284fbc 0 -1 18 -1
284f58 0 2 20 -1
284f5c 0 -1 2 22
284f60 2 4 17 -1
284f64 0 31 -1 -1
284d90 0 29 29 -1
284d94 0 -1 29 16
284d98 1 16 0 4
284d9c 0 -1 29 19
284da0 1 19 0 0
284da4 0 -1 29 31
284da8 0 -1 29 22
284dac 0 -1 29 21
284db0 0 -1 29 20
284db4 0 -1 29 18
284db8 0 -1 29 17
284dbc 0 -1 16 0
284dc0 0 17 16 -1
284dc4 0 4 0 -1
284dc8 0 -1 17 4
284dcc 2 4 16 -1
284dd0 0 2 4 -1
284dd4 0 -1 2 0
284e0c 0 18 4 -1
284e10 1 17 0 4
284e14 0 2 17 18
284e18 0 -1 2 0
284e1c 0 16 17 -1
284e20 2 2 28 -1
284e24 1 2 16 2
284e28 2 3 2 -1
284e2c 0 -1 3 -1
284e48 2 2 28 -1
284e4c 0 17 17 -1
284e50 2 3 28 -1
284e54 1 2 16 2
284e58 2 2 2 -1
284e5c 1 3 16 3
284e60 0 16 16 -1
284e64 0 -1 3 2
284e68 0 2 17 18
284e6c 0 -1 2 0
284e70 1 2 0 0
284e74 0 -1 -1 -1
284fc4 2 31 29 -1
284fc8 2 22 29 -1
284fcc 2 21 29 -1
284fd0 2 20 29 -1
284fd4 2 19 29 -1
284fd8 2 18 29 -1
284fdc 2 17 29 -1
284fe0 2 16 29 -1
284fe4 0 29 29 -1
284fe8 0 -1 31 -1
284f68 0 19 19 2
284f6c 0 -1 -1 -1
284fb0 0 17 17 -1
284fb4 0 20 20 -1
284fb8 0 18 18 -1
284fbc 0 -1 18 -1
284fc0 1 2 0 19
284fc4 2 31 29 -1
284fc8 2 22 29 -1
284fcc 2 21 29 -1
284fd0 2 20 29 -1
284fd4 2 19 29 -1
284fd8 2 18 29 -1
284fdc 2 17 29 -1
284fe0 2 16 29 -1
284fe4 0 29 29 -1
284fe8 0 -1 31 -1
2851a8 2 31 29 -1
2851ac 2 16 29 -1
2851b0 0 29 29 -1
2851b4 0 -1 31 -1
28fb80 0 -1 2 0
28fc28 1 4 0 17
28fc2c 2 6 16 -1
28fc30 1 5 0 18
28fc34 1 7 0 19
28fc38 0 31 -1 -1
2853d0 0 29 29 -1
2853d4 0 -1 29 16
2853d8 1 16 0 4
2853dc 0 -1 29 17
2853e0 1 17 0 5
2853e4 0 -1 29 19
2853e8 1 19 0 6
2853ec 0 -1 29 31
2853f0 0 -1 29 21
2853f4 0 -1 29 20
2853f8 0 -1 29 18
2853fc 0 3 16 -1
285400 1 21 0 7
285404 0 2 0 -1
285408 0 -1 3 2
2854a0 2 3 28 -1
2854a4 0 -1 3 0
2854a8 2 2 3 -1
2854ac 1 18 0 3
2854b0 0 -1 28 2
2854b4 0 -1 -1 -1
2854d0 0 -1 18 16
2854d4 0 3 16 -1
2854d8 0 2 0 -1
2854dc 0 -1 3 2
28554c 1 4 0 16
285550 0 5 0 -1
285554 0 31 -1 -1
2847a8 0 29 29 -1
2847ac 0 -1 29 16
2847b0 1 16 0 4
2847b4 0 -1 29 31
2847b8 0 -1 29 23
2847bc 0 -1 29 22
2847c0 0 -1 29 21
2847c4 0 -1 29 20
2847c8 0 -1 29 19
2847cc 0 -1 29 18
2847d0 0 -1 29 17
2847d4 0 -1 16 0
2847d8 0 21 16 -1
2847dc 0 3 21 -1
2847e0 0 2 3 -1
2847e4 0 -1 2 0
2847e8 0 2 3 -1
2847ec 0 1 -1 -1
2847f0 1 1 1 2
2847f4 2 2 1 -1
2847f8 0 -1 2 -1
284838 0 18 0 -1
28483c 0 3 21 -1
284840 0 2 3 -1
284844 0 -1 2 0
284848 0 2 3 -1
28484c 0 1 -1 -1
284850 1 1 1 2
284854 2 2 1 -1
284858 0 -1 2 -1
2849bc 0 2 21 -1
2849c0 0 3 -1 -1
2849c4 1 3 3 2
2849c8 2 3 3 -1
2849cc 0 4 -1 -1
2849d0 1 4 4 2
2849d4 2 4 4 -1
2849d8 0 19 3 -1
2849dc 0 -1 19 -1
2849e0 0 23 0 -1
2849e4 0 22 0 -1
2849e8 0 2 19 -1
2849ec 1 17 2 16
2849f0 1 20 19 4
2849f4 0 2 20 -1
2849f8 0 -1 2 23
2849fc 2 4 17 -1
284a00 1 5 0 21
284a04 0 31 -1 -1
2847a8 0 29 29 -1
2847ac 0 -1 29 16
2847b0 1 16 0 4
2847b4 0 -1 29 31
2847b8 0 -1 29 23
2847bc 0 -1 29 22
2847c0 0 -1 29 21
2847c4 0 -1 29 20
2847c8 0 -1 29 19
2847cc 0 -1 29 18
2847d0 0 -1 29 17
2847d4 0 -1 16 0
2847d8 0 21 16 -1
2847dc 0 3 21 -1
2847e0 0 2 3 -1
2847e4 0 -1 2 0
2847e8 0 2 3 -1
2847ec 0 1 -1 -1
2847f0 1 1 1 2
2847f4 2 2 1 -1
2847f8 0 -1 2 -1
284838 0 18 0 -1
28483c 0 3 21 -1
284840 0 2 3 -1
284844 0 -1 2 0
284848 0 2 3 -1
28484c 0 1 -1 -1
284850 1 1 1 2
284854 2 2 1 -1
284858 0 -1 2 -1
284954 2 2 16 -1
284958 0 2 2 -1
28495c 0 2 2 -1
284960 0 -1 2 0
2849ac 1 2 0 0
2849b0 0 -1 -1 -1
284a68 2 31 29 -1
284a6c 2 23 29 -1
284a70 2 22 29 -1
284a74 2 21 29 -1
284a78 2 20 29 -1
284a7c 2 19 29 -1
284a80 2 18 29 -1
284a84 2 17 29 -1
284a88 2 16 29 -1
284a8c 0 29 29 -1
284a90 0 -1 31 -1
284a08 1 18 18 2
284a0c 0 -1 -1 -1
284a54 0 17 17 -1
284a58 0 20 20 -1
284a5c 0 19 19 -1
284a60 0 -1 19 -1
2849f4 0 2 20 -1
2849f8 0 -1 2 23
2849fc 2 4 17 -1
284a00 1 5 0 21
284a04 0 31 -1 -1
2847a8 0 29 29 -1
2847ac 0 -1 29 16
2847b0 1 16 0 4
2847b4 0 -1 29 31
2847b8 0 -1 29 23
2847bc 0 -1 29 22
2847c0 0 -1 29 21
2847c4 0 -1 29 20
2847c8 0 -1 29 19
2847cc 0 -1 29 18
2847d0 0 -1 29 17
2847d4 0 -1 16 0
2847d8 0 21 16 -1
2847dc 0 3 21 -1
2847e0 0 2 3 -1
2847e4 0 -1 2 0
2847e8 0 2 3 -1
2847ec 0 1 -1 -1
2847f0 1 1 1 2
2847f4 2 2 1 -1
2847f8 0 -1 2 -1
284838 0 18 0 -1
28483c 0 3 21 -1
284840 0 2 3 -1
284844 0 -1 2 0
284848 0 2 3 -1
28484c 0 1 -1 -1
284850 1 1 1 2
284854 2 2 1 -1
284858 0 -1 2 -1
28485c 2 3 16 -1
284860 1 5 0 0
284864 0 4 0 -1
284868 0 -1 3 4
28486c 0 2 0 -1
284870 0 -1 3 2
284874 0 -1 3 4
284878 0 2 3 -1
28487c 0 2 2 -1
284880 0 -1 2 0
284884 0 2 3 -1
284888 0 -1 2 0
2848ac 0 5 0 -1
2848b0 1 2 0 5
2848b4 0 -1 -1 -1
284a68 2 31 29 -1
284a6c 2 23 29 -1
284a70 2 22 29 -1
284a74 2 21 29 -1
284a78 2 20 29 -1
284a7c 2 19 29 -1
284a80 2 18 29 -1
284a84 2 17 29 -1
284a88 2 16 29 -1
284a8c 0 29 29 -1
284a90 0 -1 31 -1
284a08 1 18 18 2
284a0c 0 -1 -1 -1
284a54 0 17 17 -1
284a58 0 20 20 -1
284a5c 0 19 19 -1
284a60 0 -1 19 -1
284a64 1 2 0 18
284a68 2 31 29 -1
284a6c 2 23 29 -1
284a70 2 22 29 -1
284a74 2 21 29 -1
284a78 2 20 29 -1
284a7c 2 19 29 -1
284a80 2 18 29 -1
284a84 2 17 29 -1
284a88 2 16 29 -1
284a8c 0 29 29 -1
284a90 0 -1 31 -1
285558 0 3 2 -1
28555c 0 2 19 -1
285560 0 -1 18 3
285564 0 -1 18 0
285568 0 -1 18 0
28556c 0 1 -1 -1
285570 1 1 1 2
285574 2 2 1 -1
285578 0 -1 18 2
28557c 0 -1 18 0
285580 0 -1 18 0
285584 0 -1 18 0
285588 0 -1 18 21
28558c 0 3 16 -1
285590 1 10 0 0
285594 0 2 3 -1
285598 0 2 2 -1
28559c 0 -1 2 0
2855a0 0 2 3 -1
2855a4 0 2 2 -1
2855a8 0 -1 2 0
2855ac 0 5 16 -1
2855b0 0 2 0 -1
2855b4 0 -1 5 2
2855b8 0 2 0 -1
2855bc 0 -1 5 2
2855c0 0 2 -1 -1
2855c4 0 2 2 -1
2855c8 2 3 16 -1
2855cc 0 4 -1 -1
2855d0 0 4 4 -1
2855d4 0 3 3 2
2855d8 0 -1 3 4
2855e8 2 9 28 -1
2855ec 0 -1 16 9
2855f0 2 8 28 -1
2855f4 0 -1 16 8
2855f8 2 7 28 -1
2855fc 0 -1 16 7
285600 2 6 28 -1
285604 0 -1 16 6
285608 2 4 28 -1
28560c 0 -1 16 4
285610 0 2 0 -1
285614 0 -1 5 2
285644 0 3 -1 -1
285648 0 3 3 -1
28564c 0 2 19 -1
285650 1 2 2 3
285654 0 -1 18 10
285658 2 3 2 -1
28565c 0 -1 3 0
285664 0 -1 2 18
285668 0 -1 17 0
2856e4 0 -1 18 18
2856e8 0 2 18 -1
2856ec 0 -1 2 0
285764 0 3 16 -1
285768 0 2 0 -1
28576c 0 -1 3 2
285874 0 3 16 -1
285878 0 2 0 -1
28587c 0 -1 3 2
285980 1 2 0 18
285984 2 31 29 -1
285988 2 21 29 -1
28598c 2 20 29 -1
285990 2 19 29 -1
285994 2 18 29 -1
285998 2 17 29 -1
28599c 2 16 29 -1
2859a0 0 29 29 -1
2859a4 0 -1 31 -1
28fc3c 0 3 16 -1
28fc40 0 -1 2 3
28fc44 0 3 16 -1
28fc48 1 18 0 2
28fc4c 0 -1 18 3
28fc50 0 -1 16 18
28fc54 2 4 16 -1
28fc58 0 -1 4 0
28fca0 2 10 30 -1
28fca4 2 9 30 -1
28fca8 0 16 16 -1
28fcac 0 10 10 -1
28fcb0 0 2 10 9
28fcb4 0 -1 30 10
28fcb8 0 -1 2 0
28fcbc 2 5 30 -1
28fcc0 0 4 30 -1
28fcc4 0 31 -1 -1
290754 0 29 29 -1
290758 0 -1 29 23
29075c 1 23 0 4
290760 0 -1 29 31
290764 0 -1 29 30
290768 0 -1 29 22
29076c 0 -1 29 21
290770 0 -1 29 20
290774 0 -1 29 19
290778 0 -1 29 18
29077c 0 -1 29 17
290780 0 -1 29 16
290784 2 3 23 -1
290788 1 22 0 5
29078c 0 2 -1 -1
290790 0 2 3 2
290794 0 -1 2 0
290808 2 2 23 -1
29080c 0 -1 2 -1
290838 0 3 22 -1
29083c 0 2 0 -1
290840 0 -1 3 2
290898 0 2 0 -1
29089c 0 -1 3 2
290924 2 31 29 -1
290928 2 30 29 -1
29092c 2 23 29 -1
290930 2 22 29 -1
290934 2 21 29 -1
290938 2 20 29 -1
29093c 2 19 29 -1
290940 2 18 29 -1
290944 2 17 29 -1
290948 2 16 29 -1
29094c 0 29 29 -1
290950 0 -1 31 -1
28fcc8 2 10 30 -1
28fccc 0 3 10 -1
28fcd0 0 2 0 -1
28fcd4 0 -1 3 2
28fd5c 2 9 30 -1
28fd60 0 -1 30 0
28fd64 0 -1 9 -1
28fd68 0 22 0 -1
28fd6c 0 21 0 -1
28fd70 0 20 -1 -1
28fd74 0 19 0 -1
28fd78 0 18 0 -1
28fd7c 2 17 30 -1
28fd80 2 2 17 -1
28fd84 0 -1 2 0
28fd88 2 16 17 -1
28fd8c 0 2 16 -1
28fd90 0 -1 2 22
28fdb0 1 4 0 16
28fdb4 0 -1 -1 -1
28fdc8 0 31 -1 -1
285c68 0 29 29 -1
285c6c 0 -1 29 18
285c70 1 18 0 4
285c74 0 -1 29 31
285c78 0 -1 29 22
285c7c 0 -1 29 21
285c80 0 -1 29 20
285c84 0 -1 29 19
285c88 0 -1 29 17
285c8c 0 -1 29 16
285c90 0 3 18 -1
285c94 0 5 0 -1
285c98 0 -1 3 5
285c9c 2 19 18 -1
285ca0 0 2 19 -1
285ca4 0 -1 2 0
285cf8 2 5 18 -1
285cfc 1 4 0 18
285d00 0 5 5 -1
285d04 0 5 5 -1
285d08 0 31 -1 -1
286748 0 29 29 -1
28674c 1 6 0 4
286750 0 -1 29 23
286754 1 23 0 5
286758 0 -1 29 17
28675c 1 17 0 0
286760 0 -1 29 31
286764 0 -1 29 22
286768 0 -1 29 21
28676c 0 -1 29 20
286770 0 -1 29 19
286774 0 -1 29 18
286778 0 -1 29 16
28677c 0 -1 6 0
28678c 0 7 6 -1
286790 0 3 7 -1
286794 0 2 3 -1
286798 0 -1 2 0
28679c 0 2 3 -1
2867a0 0 1 -1 -1
2867a4 1 1 1 2
2867a8 2 2 1 -1
2867ac 0 -1 2 -1
2867b0 2 3 6 -1
2867b4 0 2 3 -1
2867b8 0 -1 2 0
2867bc 0 2 -1 -1
2867c0 1 2 2 3
2867c4 0 2 2 -1
2867c8 0 -1 2 0
2867cc 2 2 28 -1
2867d0 0 3 3 -1
2867d4 1 3 3 2
2867d8 2 2 3 -1
2867dc 0 2 2 -1
2867e0 1 2 17 2
2867e4 0 -1 -1 -1
286a94 2 31 29 -1
286a98 2 23 29 -1
286a9c 2 22 29 -1
286aa0 2 21 29 -1
286aa4 2 20 29 -1
286aa8 2 19 29 -1
286aac 2 18 29 -1
286ab0 2 17 29 -1
286ab4 2 16 29 -1
286ab8 0 29 29 -1
286abc 0 -1 31 -1
285d0c 0 4 -1 -1
285d10 0 4 4 -1
285d14 0 64 2 4
285d18 0 4 64 -1
285d1c 0 5 65 -1
285d20 0 5 4 -1
285d24 1 4 0 0
285d28 1 3 2 5
285d2c 0 3 3 -1
285d30 0 4 2 -1
285d34 0 17 3 4
285d38 0 3 17 -1
285d3c 0 3 3 17
285d40 0 17 2 3
285d44 2 3 28 -1
285d48 0 2 19 -1
285d4c 2 7 28 -1
285d50 2 4 28 -1
285d54 1 3 2 3
285d58 1 5 2 7
285d5c 1 2 2 4
285d60 2 4 2 -1
285d64 2 6 3 -1
285d68 2 5 5 -1
285d6c 0 -1 4 19
285dc8 2 8 28 -1
285dcc 0 2 19 -1
285dd0 1 2 2 8
285dd4 2 3 2 -1
285dd8 0 3 3 -1
285ddc 0 -1 2 3
285de0 0 2 19 -1
285de4 0 -1 2 0
285e94 0 2 19 -1
285e98 0 9 28 -1
285e9c 0 2 2 -1
285ea0 1 7 2 9
285ea4 2 2 18 -1
285ea8 0 4 19 -1
285eac 0 2 2 -1
285eb0 0 2 2 -1
285eb4 0 2 2 -1
285eb8 0 5 -1 -1
285ebc 1 5 5 2
285ec0 2 5 5 -1
285ec4 2 6 7 -1
285ec8 0 3 0 -1
285ecc 0 2 4 3
285ed0 0 12 2 6
285ed4 0 4 5 -1
285ed8 0 -1 4 -1
285ee0 0 2 0 2
285ee4 0 2 2 6
285ee8 0 -1 7 2
285eec 0 18 19 -1
285ef0 0 2 4 -1
285ef4 1 20 19 2
285ef8 0 2 18 20
285efc 0 -1 2 0
285fd4 0 -1 12 0
286128 2 31 29 -1
28612c 2 22 29 -1
286130 2 21 29 -1
286134 2 20 29 -1
286138 2 19 29 -1
28613c 2 18 29 -1
286140 2 17 29 -1
286144 2 16 29 -1
286148 0 29 29 -1
28614c 0 -1 31 -1
28fdcc 2 10 30 -1
28fdd0 2 9 30 -1
28fdd4 0 17 17 -1
28fdd8 0 10 10 -1
28fddc 0 2 10 9
28fde0 0 -1 30 10
28fde4 0 -1 2 0
28fde8 2 10 30 -1
28fdec 0 -1 30 0
28fdf0 0 -1 10 -1
28fdf4 0 17 0 -1
28fdf8 2 16 30 -1
28fdfc 2 4 16 -1
28fe00 0 -1 4 0
28fe04 2 4 4 -1
28fe08 0 2 4 -1
28fe0c 0 -1 2 17
28fe14 2 9 30 -1
28fe18 2 10 30 -1
28fe1c 0 16 16 -1
28fe20 0 9 9 -1
28fe24 0 2 9 10
28fe28 0 -1 30 9
28fe2c 0 -1 2 0
28fe30 2 9 30 -1
28fe34 0 -1 9 -1
28fe38 2 4 30 -1
28fe3c 0 2 9 -1
28fe40 1 2 2 9
28fe44 0 2 2 -1
28fe48 1 5 2 4
28fe4c 2 2 4 -1
28fe50 0 -1 2 0
28fe54 2 3 4 -1
28fe58 0 -1 3 0
28fe5c 2 2 3 -1
28fe60 0 -1 2 0
28fe9c 0 4 4 -1
28fea0 0 2 4 5
28fea4 0 -1 2 0
28fea8 2 10 30 -1
28feac 0 -1 30 0
28feb0 0 -1 10 -1
28feb4 0 23 -1 -1
28feb8 0 23 23 -1
28febc 2 22 30 -1
28fec0 2 2 22 -1
28fec4 0 -1 2 0
28fec8 2 16 2 -1
28fecc 2 2 28 -1
28fed0 0 -1 2 0
28ff0c 2 9 30 -1
28ff10 0 -1 9 0
28ff14 2 5 22 -1
28ff18 0 -1 5 0
28ff1c 0 3 16 -1
28ff20 0 2 0 -1
28ff24 0 -1 3 2
28ff30 0 3 16 -1
28ff34 0 10 0 -1
28ff38 0 -1 3 10
28ff44 1 4 0 16
28ff48 0 6 0 -1
28ff4c 0 31 -1 -1
284fec 0 29 29 -1
284ff0 0 -1 29 16
284ff4 1 16 0 4
284ff8 0 -1 29 31
284ffc 0 3 16 -1
285000 0 4 0 -1
285004 0 -1 3 4
285008 2 13 16 -1
28500c 2 3 28 -1
285010 0 2 13 -1
285014 1 2 2 3
285018 2 2 2 -1
28501c 0 -1 2 13
285048 0 -1 6 0
285060 0 -1 5 0
285064 2 5 5 -1
285068 0 -1 5 0
28506c 0 6 0 -1
285070 2 4 5 -1
285074 0 2 4 -1
285078 0 -1 2 6
285088 2 5 5 -1
28508c 0 -1 5 0
285090 2 12 28 -1
285094 2 2 28 -1
285098 0 2 12 2
28509c 0 -1 2 0
2850a4 2 10 28 -1
2850a8 0 2 0 -1
2850ac 2 4 28 -1
2850b0 2 5 28 -1
2850b4 2 7 28 -1
2850b8 2 6 28 -1
2850bc 2 11 28 -1
2850c0 2 8 28 -1
2850c4 0 3 12 -1
2850c8 0 9 13 -1
2850cc 0 -1 28 3
2850d0 0 3 12 -1
2850d4 1 10 9 10
2850d8 1 4 3 4
2850dc 1 5 3 5
2850e0 1 6 3 6
2850e4 1 7 3 7
2850e8 0 -1 10 12
2850ec 0 -1 4 13
2850f0 2 4 28 -1
2850f4 1 3 3 11
2850f8 1 8 9 8
2850fc 0 -1 5 13
285100 0 -1 6 0
285104 0 -1 7 0
285108 0 -1 3 0
28510c 0 3 0 -1
285110 0 -1 8 3
285114 1 9 9 4
285118 0 -1 9 3
28511c 2 4 10 -1
285120 2 5 28 -1
285124 2 3 16 -1
285128 0 4 4 -1
28512c 1 4 4 5
285130 0 3 3 -1
285134 0 3 3 -1
285138 0 -1 4 3
28513c 0 -1 -1 -1
2851a8 2 31 29 -1
2851ac 2 16 29 -1
2851b0 0 29 29 -1
2851b4 0 -1 31 -1
28ff50 0 -1 2 0
28ff54 0 2 16 -1
28ff58 1 17 0 22
28ff5c 0 9 0 -1
28ff60 0 -1 2 9
28ff64 2 4 16 -1
28ff68 0 2 4 -1
28ff6c 0 -1 2 0
28ffb8 2 5 16 -1
28ffbc 1 4 0 16
28ffc0 0 5 5 -1
28ffc4 0 5 5 -1
28ffc8 0 31 -1 -1
286748 0 29 29 -1
28674c 1 6 0 4
286750 0 -1 29 23
286754 1 23 0 5
286758 0 -1 29 17
28675c 1 17 0 0
286760 0 -1 29 31
286764 0 -1 29 22
286768 0 -1 29 21
28676c 0 -1 29 20
286770 0 -1 29 19
286774 0 -1 29 18
286778 0 -1 29 16
28677c 0 -1 6 0
28678c 0 7 6 -1
286790 0 3 7 -1
286794 0 2 3 -1
286798 0 -1 2 0
28679c 0 2 3 -1
2867a0 0 1 -1 -1
2867a4 1 1 1 2
2867a8 2 2 1 -1
2867ac 0 -1 2 -1
2867b0 2 3 6 -1
2867b4 0 2 3 -1
2867b8 0 -1 2 0
2867bc 0 2 -1 -1
2867c0 1 2 2 3
2867c4 0 2 2 -1
2867c8 0 -1 2 0
2867cc 2 2 28 -1
2867d0 0 3 3 -1
2867d4 1 3 3 2
2867d8 2 2 3 -1
2867dc 0 2 2 -1
2867e0 1 2 17 2
2867e4 0 -1 -1 -1
286a94 2 31 29 -1
286a98 2 23 29 -1
286a9c 2 22 29 -1
286aa0 2 21 29 -1
286aa4 2 20 29 -1
286aa8 2 19 29 -1
286aac 2 18 29 -1
286ab0 2 17 29 -1
286ab4 2 16 29 -1
286ab8 0 29 29 -1
286abc 0 -1 31 -1
28ffcc 0 64 2 23
28ffd0 0 4 64 -1
28ffd4 0 5 65 -1
28ffd8 0 5 4 -1
28ffdc 1 4 0 0
28ffe0 1 3 2 5
28ffe4 0 3 3 -1
28ffe8 0 4 2 -1
28ffec 0 5 3 4
28fff0 0 3 5 -1
28fff4 0 3 3 5
28fff8 0 5 2 3
28fffc 0 -1 17 5
290000 1 4 0 16
290004 2 7 16 -1
290008 2 5 22 -1
29000c 2 6 22 -1
290010 0 7 7 -1
290014 0 7 7 -1
290018 0 31 -1 -1
2853d0 0 29 29 -1
2853d4 0 -1 29 16
2853d8 1 16 0 4
2853dc 0 -1 29 17
2853e0 1 17 0 5
2853e4 0 -1 29 19
2853e8 1 19 0 6
2853ec 0 -1 29 31
2853f0 0 -1 29 21
2853f4 0 -1 29 20
2853f8 0 -1 29 18
2853fc 0 3 16 -1
285400 1 21 0 7
285404 0 2 0 -1
285408 0 -1 3 2
28540c 2 4 16 -1
285410 2 2 28 -1
285414 0 3 4 -1
285418 1 3 3 2
28541c 2 2 3 -1
285420 0 -1 2 4
285428 0 2 4 -1
28542c 0 -1 2 0
285430 2 2 16 -1
285434 0 2 2 -1
285438 0 2 2 -1
28543c 0 2 2 -1
285440 0 3 -1 -1
285444 1 3 3 2
285448 2 3 3 -1
28544c 0 2 3 -1
285450 0 -1 2 -1
285458 1 5 0 4
28545c 0 2 2 -1
285460 1 6 5 2
285464 0 2 5 6
285468 0 -1 2 0
28546c 0 8 28 -1
285470 0 7 0 -1
285474 0 3 5 -1
285478 0 3 3 -1
28547c 1 3 3 8
285480 0 2 5 -1
285484 2 4 3 -1
285488 0 5 5 -1
28548c 0 2 2 7
285490 0 2 2 4
285494 0 -1 3 2
285498 0 2 5 6
28549c 0 -1 2 0
2854a0 2 3 28 -1
2854a4 0 -1 3 0
2854a8 2 2 3 -1
2854ac 1 18 0 3
2854b0 0 -1 28 2
2854b4 0 -1 -1 -1
2854d0 0 -1 18 16
2854d4 0 3 16 -1
2854d8 0 2 0 -1
2854dc 0 -1 3 2
2854e0 2 3 16 -1
2854e4 0 4 0 -1
2854e8 0 -1 3 4
2854ec 0 2 0 -1
2854f0 0 -1 3 2
2854f4 0 -1 3 4
2854f8 0 2 3 -1
2854fc 0 2 2 -1
285500 0 -1 2 0
285504 0 2 3 -1
285508 0 -1 2 0
28550c 0 -1 3 4
285510 0 2 -1 -1
285514 1 2 2 3
285518 0 2 2 -1
28551c 0 -1 2 0
28552c 2 2 16 -1
285530 0 3 0 -1
285534 0 2 2 -1
285538 0 -1 2 0
28555c 0 2 19 -1
285560 0 -1 18 3
285564 0 -1 18 0
285568 0 -1 18 0
28556c 0 1 -1 -1
285570 1 1 1 2
285574 2 2 1 -1
285578 0 -1 18 2
28557c 0 -1 18 0
285580 0 -1 18 0
285584 0 -1 18 0
285588 0 -1 18 21
28558c 0 3 16 -1
285590 1 10 0 0
285594 0 2 3 -1
285598 0 2 2 -1
28559c 0 -1 2 0
2855a0 0 2 3 -1
2855a4 0 2 2 -1
2855a8 0 -1 2 0
2855ac 0 5 16 -1
2855b0 0 2 0 -1
2855b4 0 -1 5 2
2855b8 0 2 0 -1
2855bc 0 -1 5 2
2855c0 0 2 -1 -1
2855c4 0 2 2 -1
2855c8 2 3 16 -1
2855cc 0 4 -1 -1
2855d0 0 4 4 -1
2855d4 0 3 3 2
2855d8 0 -1 3 4
2855e8 2 9 28 -1
2855ec 0 -1 16 9
2855f0 2 8 28 -1
2855f4 0 -1 16 8
2855f8 2 7 28 -1
2855fc 0 -1 16 7
285600 2 6 28 -1
285604 0 -1 16 6
285608 2 4 28 -1
28560c 0 -1 16 4
285610 0 2 0 -1
285614 0 -1 5 2
285644 0 3 -1 -1
285648 0 3 3 -1
28564c 0 2 19 -1
285650 1 2 2 3
285654 0 -1 18 10
285658 2 3 2 -1
28565c 0 -1 3 0
285664 0 -1 2 18
285668 0 -1 17 0
28566c 2 17 17 -1
285670 2 5 18 -1
285674 2 2 17 -1
285678 0 2 5 2
28567c 0 -1 2 0
285680 1 2 0 17
285684 0 -1 18 17
285688 0 -1 17 18
28568c 0 -1 18 18
285690 0 -1 17 0
285694 0 -1 2 18
285698 2 2 2 -1
28569c 0 -1 2 0
2856a0 0 -1 -1 -1
2856e8 0 2 18 -1
2856ec 0 -1 2 0
285764 0 3 16 -1
285768 0 2 0 -1
28576c 0 -1 3 2
285770 0 -1 17 0
285774 2 2 16 -1
285778 2 3 28 -1
28577c 0 2 2 -1
285780 1 2 2 3
285784 2 2 2 -1
285788 2 3 28 -1
28578c 0 2 2 -1
285790 1 2 2 3
285794 2 2 2 -1
285798 0 -1 2 0
28579c 1 5 0 17
2857a0 0 2 5 -1
2857a4 0 -1 2 0
2857a8 2 5 5 -1
2857ac 0 -1 5 0
2857b0 0 -1 -1 -1
285874 0 3 16 -1
285878 0 2 0 -1
28587c 0 -1 3 2
285980 1 2 0 18
285984 2 31 29 -1
285988 2 21 29 -1
28598c 2 20 29 -1
285990 2 19 29 -1
285994 2 18 29 -1
285998 2 17 29 -1
28599c 2 16 29 -1
2859a0 0 29 29 -1
2859a4 0 -1 31 -1
29001c 2 3 22 -1
290020 0 3 3 -1
290024 1 5 0 2
290028 0 3 3 -1
29002c 0 3 3 -1
290030 0 -1 5 3
290034 0 -1 3 0
290060 0 3 16 -1
290064 0 2 0 -1
290068 0 -1 3 2
29033c 2 10 30 -1
290340 2 9 30 -1
290344 0 22 22 -1
290348 0 10 10 -1
29034c 0 2 10 9
290350 0 -1 30 10
290354 0 -1 2 0
290358 2 10 30 -1
29035c 0 2 0 -1
290360 0 -1 10 2
290364 2 9 30 -1
290368 2 3 9 -1
29036c 0 -1 3 0
290370 2 6 3 -1
290374 0 5 6 -1
290378 0 2 0 -1
29037c 0 -1 5 2
290380 2 10 30 -1
290384 2 4 10 -1
290388 2 2 4 -1
29038c 0 -1 2 10
290390 2 3 3 -1
290394 0 2 3 -1
290398 0 -1 2 5
2904f0 2 10 30 -1
2904f4 0 3 10 -1
2904f8 0 2 0 -1
2904fc 0 -1 28 0
290500 0 -1 3 2
290600 2 9 30 -1
290604 0 -1 28 9
290608 1 29 0 30
29060c 2 31 29 -1
290610 2 30 29 -1
290614 2 23 29 -1
290618 2 22 29 -1
29061c 2 21 29 -1
290620 2 20 29 -1
290624 2 19 29 -1
290628 2 18 29 -1
29062c 2 17 29 -1
290630 2 16 29 -1
290634 0 29 29 -1
290638 0 -1 31 -1
291c78 1 4 0 17
291c7c 0 31 -1 -1
2823e8 0 3 4 -1
2823ec 1 5 0 0
2823f0 0 2 0 -1
2823f4 0 -1 3 2
282428 1 2 0 5
28242c 0 -1 31 -1
291c80 0 -1 2 0
291ca4 0 -1 19 0
291ca8 2 2 17 -1
291cac 0 -1 2 19
291d58 2 17 17 -1
291d5c 0 -1 17 19
291a9c 2 2 22 -1
291aa0 0 -1 2 17
291aa4 2 2 22 -1
291aa8 0 11 0 -1
291aac 0 22 22 -1
291ab0 0 -1 2 11
291bfc 0 2 17 -1
291c00 0 3 17 -1
291c04 0 11 0 -1
291c08 0 -1 2 11
291c10 0 2 -1 -1
291c14 1 2 2 3
291c18 0 2 2 -1
291c1c 0 11 0 -1
291c20 0 -1 2 11
291c24 2 4 17 -1
291c28 0 -1 4 0
291c38 1 4 0 17
291c3c 0 5 0 -1
291c40 1 6 0 0
291c44 0 31 -1 -1
26be48 2 3 4 -1
26be4c 0 -1 3 0
26be7c 1 2 0 0
26be80 0 -1 31 -1
291c48 0 -1 2 0
291c54 1 4 0 17
291c58 0 5 0 -1
291c5c 1 6 0 0
291c60 0 31 -1 -1
26be48 2 3 4 -1
26be4c 0 -1 3 0
26be7c 1 2 0 0
26be80 0 -1 31 -1
291c64 0 -1 2 0
291c6c 1 4 0 17
291c70 1 5 0 23
291c74 0 31 -1 -1
28d75c 2 2 28 -1
28d760 0 29 29 -1
28d764 0 -1 29 30
28d768 1 30 0 29
28d76c 0 -1 29 31
28d770 0 -1 29 23
28d774 0 -1 29 22
28d778 0 -1 29 21
28d77c 0 -1 29 20
28d780 0 -1 29 19
28d784 0 -1 29 18
28d788 0 -1 29 17
28d78c 0 -1 29 16
28d790 0 -1 30 4
28d794 2 10 4 -1
28d798 0 -1 30 2
28d79c 0 3 10 -1
28d7a0 0 -1 30 5
28d7a4 0 -1 30 0
28d7a8 0 -1 30 0
28d7ac 0 -1 30 0
28d7b0 0 -1 28 4
28d7b4 0 2 0 -1
28d7b8 0 -1 30 10
28d7bc 0 -1 3 2
28d7c0 0 29 29 -1
28d7c4 2 2 29 -1
28d7c8 0 9 29 -1
28d7cc 0 -1 9 10
28d7d0 2 3 10 -1
28d7d4 2 2 28 -1
28d7d8 0 -1 30 9
28d7dc 0 -1 3 2
28d7e0 2 2 10 -1
28d7e4 0 3 2 -1
28d7e8 0 2 0 -1
28d7ec 0 -1 3 2
28d7f0 2 10 30 -1
28d7f4 2 4 10 -1
28d7f8 0 3 4 -1
28d7fc 0 2 0 -1
28d800 0 -1 3 2
28d830 0 9 0 -1
28d834 0 -1 30 9
28d838 0 -1 -1 -1
28dac4 2 10 30 -1
28dac8 0 2 0 -1
28dacc 0 -1 10 2
28dad0 2 9 30 -1
28dad4 2 2 9 -1
28dad8 0 -1 2 0
28db1c 2 9 30 -1
28db20 0 -1 30 0
28db24 0 -1 9 -1
28db28 0 22 -1 -1
28db2c 0 22 22 -1
28db30 0 20 0 -1
28db34 0 21 0 -1
28db38 2 19 30 -1
28db3c 2 2 19 -1
28db40 2 5 30 -1
28db44 2 16 2 -1
28db48 2 17 2 -1
28db4c 1 4 0 16
28db50 0 31 -1 -1
2874fc 0 29 29 -1
287500 0 -1 29 21
287504 1 21 0 4
287508 0 -1 29 19
28750c 1 19 0 5
287510 0 -1 29 31
287514 0 -1 29 30
287518 0 -1 29 23
28751c 0 -1 29 22
287520 0 -1 29 20
287524 0 -1 29 18
287528 0 -1 29 17
28752c 0 -1 29 16
287530 0 -1 21 0
28753c 0 4 21 -1
287540 0 3 4 -1
287544 0 2 3 -1
287548 0 -1 2 0
2875e8 0 2 4 -1
2875ec 0 3 -1 -1
2875f0 1 3 3 2
2875f4 2 3 3 -1
2875f8 0 4 -1 -1
2875fc 1 4 4 2
287600 2 4 4 -1
287604 0 20 3 -1
287608 0 -1 20 -1
28760c 0 30 -1 -1
287610 0 30 30 -1
287614 0 2 20 -1
287618 1 18 2 21
28761c 1 23 0 2
287620 1 22 20 4
287624 0 3 22 -1
287628 0 2 0 -1
28762c 0 -1 3 2
287630 2 4 18 -1
287634 1 5 0 19
287638 0 31 -1 -1
2874fc 0 29 29 -1
287500 0 -1 29 21
287504 1 21 0 4
287508 0 -1 29 19
28750c 1 19 0 5
287510 0 -1 29 31
287514 0 -1 29 30
287518 0 -1 29 23
28751c 0 -1 29 22
287520 0 -1 29 20
287524 0 -1 29 18
287528 0 -1 29 17
28752c 0 -1 29 16
287530 0 -1 21 0
28753c 0 4 21 -1
287540 0 3 4 -1
287544 0 2 3 -1
287548 0 -1 2 0
28754c 0 2 3 -1
287550 0 1 -1 -1
287554 1 1 1 2
287558 2 2 1 -1
28755c 0 -1 2 -1
287714 1 2 0 21
287718 2 31 29 -1
28771c 2 30 29 -1
287720 2 23 29 -1
287724 2 22 29 -1
287728 2 21 29 -1
28772c 2 20 29 -1
287730 2 19 29 -1
287734 2 18 29 -1
287738 2 17 29 -1
28773c 2 16 29 -1
287740 0 29 29 -1
287744 0 -1 31 -1
28763c 1 16 0 2
287640 0 -1 19 0
287644 0 -1 16 0
287648 0 3 16 -1
28764c 0 2 0 -1
287650 0 -1 3 2
2876a8 0 -1 18 16
2876ac 0 -1 -1 -1
287700 0 18 18 -1
287704 0 23 23 -1
287708 0 22 22 -1
28770c 0 20 20 -1
287710 0 -1 20 -1
287624 0 3 22 -1
287628 0 2 0 -1
28762c 0 -1 3 2
287630 2 4 18 -1
287634 1 5 0 19
287638 0 31 -1 -1
2874fc 0 29 29 -1
287500 0 -1 29 21
287504 1 21 0 4
287508 0 -1 29 19
28750c 1 19 0 5
287510 0 -1 29 31
287514 0 -1 29 30
287518 0 -1 29 23
28751c 0 -1 29 22
287520 0 -1 29 20
287524 0 -1 29 18
287528 0 -1 29 17
28752c 0 -1 29 16
287530 0 -1 21 0
28753c 0 4 21 -1
287540 0 3 4 -1
287544 0 2 3 -1
287548 0 -1 2 0
28754c 0 2 3 -1
287550 0 1 -1 -1
287554 1 1 1 2
287558 2 2 1 -1
28755c 0 -1 2 -1
287714 1 2 0 21
287718 2 31 29 -1
28771c 2 30 29 -1
287720 2 23 29 -1
287724 2 22 29 -1
287728 2 21 29 -1
28772c 2 20 29 -1
287730 2 19 29 -1
287734 2 18 29 -1
287738 2 17 29 -1
28773c 2 16 29 -1
287740 0 29 29 -1
287744 0 -1 31 -1
28763c 1 16 0 2
287640 0 -1 19 0
287644 0 -1 16 0
287648 0 3 16 -1
28764c 0 2 0 -1
287650 0 -1 3 2
2876a8 0 -1 18 16
2876ac 0 -1 -1 -1
287700 0 18 18 -1
287704 0 23 23 -1
287708 0 22 22 -1
28770c 0 20 20 -1
287710 0 -1 20 -1
287624 0 3 22 -1
287628 0 2 0 -1
28762c 0 -1 3 2
287630 2 4 18 -1
287634 1 5 0 19
287638 0 31 -1 -1
2874fc 0 29 29 -1
287500 0 -1 29 21
287504 1 21 0 4
287508 0 -1 29 19
28750c 1 19 0 5
287510 0 -1 29 31
287514 0 -1 29 30
287518 0 -1 29 23
28751c 0 -1 29 22
287520 0 -1 29 20
287524 0 -1 29 18
287528 0 -1 29 17
28752c 0 -1 29 16
287530 0 -1 21 0
28753c 0 4 21 -1
287540 0 3 4 -1
287544 0 2 3 -1
287548 0 -1 2 0
2875e8 0 2 4 -1
2875ec 0 3 -1 -1
2875f0 1 3 3 2
2875f4 2 3 3 -1
2875f8 0 4 -1 -1
2875fc 1 4 4 2
287600 2 4 4 -1
287604 0 20 3 -1
287608 0 -1 20 -1
28760c 0 30 -1 -1
287610 0 30 30 -1
287614 0 2 20 -1
287618 1 18 2 21
28761c 1 23 0 2
287620 1 22 20 4
287624 0 3 22 -1
287628 0 2 0 -1
28762c 0 -1 3 2
287630 2 4 18 -1
287634 1 5 0 19
287638 0 31 -1 -1
2874fc 0 29 29 -1
287500 0 -1 29 21
287504 1 21 0 4
287508 0 -1 29 19
28750c 1 19 0 5
287510 0 -1 29 31
287514 0 -1 29 30
287518 0 -1 29 23
28751c 0 -1 29 22
287520 0 -1 29 20
287524 0 -1 29 18
287528 0 -1 29 17
28752c 0 -1 29 16
287530 0 -1 21 0
28753c 0 4 21 -1
287540 0 3 4 -1
287544 0 2 3 -1
287548 0 -1 2 0
28754c 0 2 3 -1
287550 0 1 -1 -1
287554 1 1 1 2
287558 2 2 1 -1
28755c 0 -1 2 -1
287714 1 2 0 21
287718 2 31 29 -1
28771c 2 30 29 -1
287720 2 23 29 -1
287724 2 22 29 -1
287728 2 21 29 -1
28772c 2 20 29 -1
287730 2 19 29 -1
287734 2 18 29 -1
287738 2 17 29 -1
28773c 2 16 29 -1
287740 0 29 29 -1
287744 0 -1 31 -1
28763c 1 16 0 2
287640 0 -1 19 0
287644 0 -1 16 0
287648 0 3 16 -1
28764c 0 2 0 -1
287650 0 -1 3 2
2876a8 0 -1 18 16
2876ac 0 -1 -1 -1
287700 0 18 18 -1
287704 0 23 23 -1
287708 0 22 22 -1
28770c 0 20 20 -1
287710 0 -1 20 -1
287624 0 3 22 -1
287628 0 2 0 -1
28762c 0 -1 3 2
287630 2 4 18 -1
287634 1 5 0 19
287638 0 31 -1 -1
2874fc 0 29 29 -1
287500 0 -1 29 21
287504 1 21 0 4
287508 0 -1 29 19
28750c 1 19 0 5
287510 0 -1 29 31
287514 0 -1 29 30
287518 0 -1 29 23
28751c 0 -1 29 22
287520 0 -1 29 20
287524 0 -1 29 18
287528 0 -1 29 17
28752c 0 -1 29 16
287530 0 -1 21 0
28753c 0 4 21 -1
287540 0 3 4 -1
287544 0 2 3 -1
287548 0 -1 2 0
28754c 0 2 3 -1
287550 0 1 -1 -1
287554 1 1 1 2
287558 2 2 1 -1
28755c 0 -1 2 -1
287560 2 4 21 -1
287564 0 2 4 -1
287568 0 -1 2 0
287714 1 2 0 21
287718 2 31 29 -1
28771c 2 30 29 -1
287720 2 23 29 -1
287724 2 22 29 -1
287728 2 21 29 -1
28772c 2 20 29 -1
287730 2 19 29 -1
287734 2 18 29 -1
287738 2 17 29 -1
28773c 2 16 29 -1
287740 0 29 29 -1
287744 0 -1 31 -1
28763c 1 16 0 2
287640 0 -1 19 0
287644 0 -1 16 0
287648 0 3 16 -1
28764c 0 2 0 -1
287650 0 -1 3 2
287654 2 4 18 -1
287658 0 2 4 -1
28765c 0 -1 2 3
287660 2 3 16 -1
287664 2 2 4 -1
287668 0 3 3 -1
28766c 0 2 2 -1
287670 0 -1 3 2
287674 1 4 0 19
287678 0 31 -1 -1
2e69b4 0 29 29 -1
2e69b8 0 -1 29 16
2e69bc 1 16 0 4
2e69c0 0 -1 29 31
2e69c4 2 2 16 -1
2e69c8 0 -1 2 -1
2e69e0 2 2 16 -1
2e69e4 2 31 29 -1
2e69e8 2 16 29 -1
2e69ec 0 29 29 -1
2e69f0 0 -1 31 -1
28767c 0 2 2 -1
287680 1 2 2 30
287684 2 2 2 -1
287688 0 -1 2 -1
2876a8 0 -1 18 16
2876ac 0 -1 -1 -1
287700 0 18 18 -1
287704 0 23 23 -1
287708 0 22 22 -1
28770c 0 20 20 -1
287710 0 -1 20 -1
287714 1 2 0 21
287718 2 31 29 -1
28771c 2 30 29 -1
287720 2 23 29 -1
287724 2 22 29 -1
287728 2 21 29 -1
28772c 2 20 29 -1
287730 2 19 29 -1
287734 2 18 29 -1
287738 2 17 29 -1
28773c 2 16 29 -1
287740 0 29 29 -1
287744 0 -1 31 -1
28763c 1 16 0 2
287640 0 -1 19 0
287644 0 -1 16 0
287648 0 3 16 -1
28764c 0 2 0 -1
287650 0 -1 3 2
2876a8 0 -1 18 16
2876ac 0 -1 -1 -1
287700 0 18 18 -1
287704 0 23 23 -1
287708 0 22 22 -1
28770c 0 20 20 -1
287710 0 -1 20 -1
287714 1 2 0 21
287718 2 31 29 -1
28771c 2 30 29 -1
287720 2 23 29 -1
287724 2 22 29 -1
287728 2 21 29 -1
28772c 2 20 29 -1
287730 2 19 29 -1
287734 2 18 29 -1
287738 2 17 29 -1
28773c 2 16 29 -1
287740 0 29 29 -1
287744 0 -1 31 -1
28db54 1 18 0 2
28db58 0 3 18 -1
28db5c 0 2 0 -1
28db60 0 -1 3 2
28db80 2 4 30 -1
28db84 0 31 -1 -1
2e69b4 0 29 29 -1
2e69b8 0 -1 29 16
2e69bc 1 16 0 4
2e69c0 0 -1 29 31
2e69c4 2 2 16 -1
2e69c8 0 -1 2 -1
2e69e0 2 2 16 -1
2e69e4 2 31 29 -1
2e69e8 2 16 29 -1
2e69ec 0 29 29 -1
2e69f0 0 -1 31 -1
28db88 0 2 2 -1
28db8c 1 2 2 22
28db90 2 2 2 -1
28db94 0 -1 2 -1
28dbb4 2 2 19 -1
28dbb8 0 -1 2 18
28dbbc 0 2 17 -1
28dbc0 1 2 2 20
28dbc4 0 2 2 -1
28dbc8 0 2 2 -1
28dbcc 0 -1 2 0
28dc18 0 3 17 -1
28dc1c 1 2 3 21
28dc20 0 2 2 -1
28dc24 0 2 2 -1
28dc28 0 -1 2 0
28dc2c 1 2 3 20
28dc30 0 2 2 -1
28dc34 0 2 2 -1
28dc38 0 -1 2 0
28dc3c 0 3 17 -1
28dc40 0 2 0 -1
28dc44 0 -1 3 2
28dc54 2 10 30 -1
28dc58 2 9 30 -1
28dc5c 0 19 19 -1
28dc60 0 10 10 -1
28dc64 0 2 10 9
28dc68 0 -1 30 10
28dc6c 0 -1 2 0
28dc70 0 31 -1 -1
2e6b9c 2 2 28 -1
2e6ba0 0 29 29 -1
2e6ba4 0 -1 29 20
2e6ba8 1 20 0 0
2e6bac 0 -1 29 31
2e6bb0 0 -1 29 23
2e6bb4 0 -1 29 22
2e6bb8 0 -1 29 21
2e6bbc 0 -1 29 19
2e6bc0 0 -1 29 18
2e6bc4 0 -1 29 17
2e6bc8 0 -1 29 16
2e6bcc 0 -1 2 -1
2e6dc4 2 2 28 -1
2e6dc8 0 -1 20 2
2e6ddc 0 -1 28 0
2e6de0 0 2 0 -1
2e6de4 2 31 29 -1
2e6de8 2 23 29 -1
2e6dec 2 22 29 -1
2e6df0 2 21 29 -1
2e6df4 2 20 29 -1
2e6df8 2 19 29 -1
2e6dfc 2 18 29 -1
2e6e00 2 17 29 -1
2e6e04 2 16 29 -1
2e6e08 0 29 29 -1
2e6e0c 0 -1 31 -1
28dc74 2 10 30 -1
28dc78 0 -1 30 0
28dc7c 0 -1 10 -1
28dc80 2 10 30 -1
28dc84 0 9 -1 -1
28dc88 0 9 9 -1
28dc8c 0 -1 30 9
28dc90 0 -1 30 10
28dc94 2 10 30 -1
28dc98 2 2 10 -1
28dc9c 1 19 0 0
28dca0 1 21 0 0
28dca4 2 20 2 -1
28dca8 2 23 2 -1
28dcac 1 22 0 0
28dcb0 0 9 0 -1
28dcb4 0 -1 30 9
28dcb8 0 -1 30 9
28dcbc 0 -1 30 9
28dcc0 0 10 0 -1
28dcc4 0 -1 30 10
28dcc8 0 2 20 -1
28dccc 1 18 0 0
28dcd0 0 -1 30 10
28dcd4 0 -1 30 0
28dcd8 0 -1 2 0
28dce4 2 2 23 -1
28dce8 0 2 2 -1
28dcec 0 2 2 -1
28dcf0 0 -1 30 2
28dcf4 2 10 30 -1
28dcf8 2 9 30 -1
28dcfc 0 -1 9 10
28dd00 2 9 30 -1
28dd04 0 -1 9 0
28de94 0 3 23 -1
28de98 2 9 30 -1
28de9c 0 2 0 -1
28dea0 0 -1 30 9
28dea4 0 -1 3 2
28deac 2 5 30 -1
28deb0 1 4 0 20
28deb4 0 31 -1 -1
28abe0 0 29 29 -1
28abe4 0 -1 29 30
28abe8 1 30 0 5
28abec 0 -1 29 31
28abf0 0 -1 29 23
28abf4 0 -1 29 22
28abf8 0 -1 29 21
28abfc 0 -1 29 20
28ac00 0 -1 29 19
28ac04 0 -1 29 18
28ac08 0 -1 29 17
28ac0c 0 -1 29 16
28ac10 0 -1 29 4
28ac14 2 10 29 -1
28ac18 1 20 0 0
28ac1c 0 -1 29 0
28ac20 0 -1 29 0
28ac24 0 -1 10 0
28ac30 2 9 29 -1
28ac34 2 2 9 -1
28ac38 0 21 9 -1
28ac3c 0 2 2 -1
28ac40 0 2 2 -1
28ac44 0 3 21 -1
28ac48 0 -1 29 2
28ac4c 0 2 3 -1
28ac50 0 -1 2 0
28ac54 0 2 3 -1
28ac58 0 1 -1 -1
28ac5c 1 1 1 2
28ac60 2 2 1 -1
28ac64 0 -1 2 -1
28b93c 0 2 21 -1
28b940 0 -1 29 0
28b944 0 3 -1 -1
28b948 1 3 3 2
28b94c 2 3 3 -1
28b950 0 1 -1 -1
28b954 1 1 1 2
28b958 2 2 1 -1
28b95c 0 19 2 -1
28b960 0 -1 29 0
28b964 0 -1 29 0
28b968 0 -1 29 0
28b96c 0 -1 19 -1
28b970 0 23 0 -1
28b974 0 10 29 -1
28b978 0 2 19 -1
28b97c 0 9 2 -1
28b980 1 3 19 3
28b984 0 -1 29 10
28b988 0 -1 29 9
28b98c 0 -1 29 2
28b990 0 -1 29 3
28b994 2 10 29 -1
28b998 0 3 10 -1
28b99c 0 2 0 -1
28b9a0 0 -1 3 2
28b9a4 2 9 29 -1
28b9a8 2 10 29 -1
28b9ac 1 2 9 10
28b9b0 2 18 2 -1
28b9b4 1 17 0 0
28b9b8 2 2 18 -1
28b9bc 1 6 0 18
28b9c0 0 3 18 -1
28b9c4 0 2 2 -1
28b9c8 0 16 2 -1
28b9cc 0 3 3 -1
28b9d0 0 2 3 -1
28b9d4 0 -1 2 0
28b9d8 0 2 3 -1
28b9dc 0 1 -1 -1
28b9e0 1 1 1 2
28b9e4 2 2 1 -1
28b9e8 0 -1 2 -1
28ba48 1 4 0 6
28ba4c 1 5 0 30
28ba50 0 31 -1 -1
28abe0 0 29 29 -1
28abe4 0 -1 29 30
28abe8 1 30 0 5
28abec 0 -1 29 31
28abf0 0 -1 29 23
28abf4 0 -1 29 22
28abf8 0 -1 29 21
28abfc 0 -1 29 20
28ac00 0 -1 29 19
28ac04 0 -1 29 18
28ac08 0 -1 29 17
28ac0c 0 -1 29 16
28ac10 0 -1 29 4
28ac14 2 10 29 -1
28ac18 1 20 0 0
28ac1c 0 -1 29 0
28ac20 0 -1 29 0
28ac24 0 -1 10 0
28ac30 2 9 29 -1
28ac34 2 2 9 -1
28ac38 0 21 9 -1
28ac3c 0 2 2 -1
28ac40 0 2 2 -1
28ac44 0 3 21 -1
28ac48 0 -1 29 2
28ac4c 0 2 3 -1
28ac50 0 -1 2 0
28ac54 0 2 3 -1
28ac58 0 1 -1 -1
28ac5c 1 1 1 2
28ac60 2 2 1 -1
28ac64 0 -1 2 -1
28ac68 0 -1 30 0
28ac6c 0 16 30 -1
28ac70 0 2 0 -1
28ac74 0 -1 16 2
28ac78 1 4 0 30
28ac7c 0 31 -1 -1
26e674 0 -1 4 0
26e678 0 3 0 -1
26e67c 2 4 4 -1
26e680 0 -1 4 0
26e684 0 2 4 -1
26e688 0 -1 2 3
26e67c 2 4 4 -1
26e680 0 -1 4 0
26e684 0 2 4 -1
26e688 0 -1 2 3
26e68c 1 2 0 4
26e690 0 -1 31 -1
28ac80 1 6 0 2
28ac84 0 -1 6 0
28ac88 0 3 6 -1
28ac8c 0 2 0 -1
28ac90 0 -1 3 2
28b93c 0 2 21 -1
28b940 0 -1 29 0
28b944 0 3 -1 -1
28b948 1 3 3 2
28b94c 2 3 3 -1
28b950 0 1 -1 -1
28b954 1 1 1 2
28b958 2 2 1 -1
28b95c 0 19 2 -1
28b960 0 -1 29 0
28b964 0 -1 29 0
28b968 0 -1 29 0
28b96c 0 -1 19 -1
28be50 0 2 21 -1
28be54 0 2 2 -1
28be58 0 -1 2 0
28be5c 0 3 -1 -1
28be60 1 3 3 21
28be64 0 3 3 -1
28be68 0 2 0 -1
28be6c 0 -1 3 2
28bf14 0 2 -1 -1
28bf18 1 2 2 21
28bf1c 0 2 2 -1
28bf20 0 2 2 -1
28bf24 0 2 2 -1
28bf28 0 3 2 -1
28bf2c 0 2 3 -1
28bf30 0 -1 2 0
28bf34 0 2 3 -1
28bf38 0 1 -1 -1
28bf3c 1 1 1 2
28bf40 2 2 1 -1
28bf44 0 -1 2 -1
28c764 0 2 0 -1
28c768 0 -1 21 2
28c804 1 2 0 20
28c808 0 -1 2 0
28c80c 2 2 29 -1
28c810 2 31 29 -1
28c814 2 30 29 -1
28c818 2 23 29 -1
28c81c 2 22 29 -1
28c820 2 21 29 -1
28c824 2 20 29 -1
28c828 2 19 29 -1
28c82c 2 18 29 -1
28c830 2 17 29 -1
28c834 2 16 29 -1
28c838 0 29 29 -1
28c83c 0 -1 31 -1
28ba54 1 18 0 2
28ba58 1 4 0 18
28ba5c 0 31 -1 -1
28c840 0 29 29 -1
28c844 0 -1 29 19
28c848 1 19 0 4
28c84c 0 -1 29 31
28c850 0 -1 29 18
28c854 0 -1 29 17
28c858 0 -1 29 16
28c85c 0 3 19 -1
28c860 0 2 0 -1
28c864 0 -1 3 2
28c8a8 0 -1 19 0
28c8ac 0 3 19 -1
28c8b0 0 2 3 -1
28c8b4 0 2 2 -1
28c8b8 0 -1 2 0
28c8bc 0 2 3 -1
28c8c0 0 2 2 -1
28c8c4 0 -1 2 0
28c8c8 0 3 19 -1
28c8cc 0 2 0 -1
28c8d0 0 -1 3 2
28c8d4 0 2 0 -1
28c8d8 0 -1 3 2
28c8dc 0 3 19 -1
28c8e0 0 2 0 -1
28c8e4 0 -1 3 2
28ca68 1 2 0 0
28ca6c 2 31 29 -1
28ca70 2 19 29 -1
28ca74 2 18 29 -1
28ca78 2 17 29 -1
28ca7c 2 16 29 -1
28ca80 0 29 29 -1
28ca84 0 -1 31 -1
28ba60 1 17 0 2
28ba64 0 2 0 -1
28ba68 0 -1 19 2
28ba6c 0 2 19 -1
28ba70 0 -1 2 0
28ba7c 0 2 0 -1
28ba80 0 -1 19 2
28baa4 0 -1 29 17
28baa8 0 -1 17 0
28bbd4 1 16 0 18
28bbd8 0 -1 -1 -1
28bc04 2 10 29 -1
28bc08 2 9 29 -1
28bc0c 1 2 10 9
28bc10 2 2 2 -1
28bc14 0 -1 16 2
28be24 2 9 29 -1
28be28 2 10 29 -1
28be2c 0 9 9 -1
28be30 0 -1 29 9
28be34 2 9 29 -1
28be38 0 19 19 -1
28be3c 0 10 10 -1
28be40 0 -1 29 10
28be44 0 9 9 -1
28be48 0 -1 29 9
28be4c 0 -1 19 -1
28b994 2 10 29 -1
28b998 0 3 10 -1
28b99c 0 2 0 -1
28b9a0 0 -1 3 2
28b9a4 2 9 29 -1
28b9a8 2 10 29 -1
28b9ac 1 2 9 10
28b9b0 2 18 2 -1
28b9b4 1 17 0 0
28b9b8 2 2 18 -1
28b9bc 1 6 0 18
28b9c0 0 3 18 -1
28b9c4 0 2 2 -1
28b9c8 0 16 2 -1
28b9cc 0 3 3 -1
28b9d0 0 2 3 -1
28b9d4 0 -1 2 0
28b9d8 0 2 3 -1
28b9dc 0 1 -1 -1
28b9e0 1 1 1 2
28b9e4 2 2 1 -1
28b9e8 0 -1 2 -1
28ba40 1 17 0 6
28ba44 0 -1 -1 -1
28ba64 0 2 0 -1
28ba68 0 -1 19 2
28ba98 0 -1 29 18
28ba9c 0 -1 29 17
28baa0 0 -1 -1 -1
28baa8 0 -1 17 0
28baac 0 -1 17 18
28bbd4 1 16 0 18
28bbd8 0 -1 -1 -1
28bc04 2 10 29 -1
28bc08 2 9 29 -1
28bc0c 1 2 10 9
28bc10 2 2 2 -1
28bc14 0 -1 16 2
28be24 2 9 29 -1
28be28 2 10 29 -1
28be2c 0 9 9 -1
28be30 0 -1 29 9
28be34 2 9 29 -1
28be38 0 19 19 -1
28be3c 0 10 10 -1
28be40 0 -1 29 10
28be44 0 9 9 -1
28be48 0 -1 29 9
28be4c 0 -1 19 -1
28b994 2 10 29 -1
28b998 0 3 10 -1
28b99c 0 2 0 -1
28b9a0 0 -1 3 2
28b9a4 2 9 29 -1
28b9a8 2 10 29 -1
28b9ac 1 2 9 10
28b9b0 2 18 2 -1
28b9b4 1 17 0 0
28b9b8 2 2 18 -1
28b9bc 1 6 0 18
28b9c0 0 3 18 -1
28b9c4 0 2 2 -1
28b9c8 0 16 2 -1
28b9cc 0 3 3 -1
28b9d0 0 2 3 -1
28b9d4 0 -1 2 0
28ba48 1 4 0 6
28ba4c 1 5 0 30
28ba50 0 31 -1 -1
28abe0 0 29 29 -1
28abe4 0 -1 29 30
28abe8 1 30 0 5
28abec 0 -1 29 31
28abf0 0 -1 29 23
28abf4 0 -1 29 22
28abf8 0 -1 29 21
28abfc 0 -1 29 20
28ac00 0 -1 29 19
28ac04 0 -1 29 18
28ac08 0 -1 29 17
28ac0c 0 -1 29 16
28ac10 0 -1 29 4
28ac14 2 10 29 -1
28ac18 1 20 0 0
28ac1c 0 -1 29 0
28ac20 0 -1 29 0
28ac24 0 -1 10 0
28ac30 2 9 29 -1
28ac34 2 2 9 -1
28ac38 0 21 9 -1
28ac3c 0 2 2 -1
28ac40 0 2 2 -1
28ac44 0 3 21 -1
28ac48 0 -1 29 2
28ac4c 0 2 3 -1
28ac50 0 -1 2 0
28b93c 0 2 21 -1
28b940 0 -1 29 0
28b944 0 3 -1 -1
28b948 1 3 3 2
28b94c 2 3 3 -1
28b950 0 1 -1 -1
28b954 1 1 1 2
28b958 2 2 1 -1
28b95c 0 19 2 -1
28b960 0 -1 29 0
28b964 0 -1 29 0
28b968 0 -1 29 0
28b96c 0 -1 19 -1
28b970 0 23 0 -1
28b974 0 10 29 -1
28b978 0 2 19 -1
28b97c 0 9 2 -1
28b980 1 3 19 3
28b984 0 -1 29 10
28b988 0 -1 29 9
28b98c 0 -1 29 2
28b990 0 -1 29 3
28b994 2 10 29 -1
28b998 0 3 10 -1
28b99c 0 2 0 -1
28b9a0 0 -1 3 2
28b9a4 2 9 29 -1
28b9a8 2 10 29 -1
28b9ac 1 2 9 10
28b9b0 2 18 2 -1
28b9b4 1 17 0 0
28b9b8 2 2 18 -1
28b9bc 1 6 0 18
28b9c0 0 3 18 -1
28b9c4 0 2 2 -1
28b9c8 0 16 2 -1
28b9cc 0 3 3 -1
28b9d0 0 2 3 -1
28b9d4 0 -1 2 0
28b9d8 0 2 3 -1
28b9dc 0 1 -1 -1
28b9e0 1 1 1 2
28b9e4 2 2 1 -1
28b9e8 0 -1 2 -1
28ba40 1 17 0 6
28ba44 0 -1 -1 -1
28ba64 0 2 0 -1
28ba68 0 -1 19 2
28ba98 0 -1 29 18
28ba9c 0 -1 29 17
28baa0 0 -1 -1 -1
28baa8 0 -1 17 0
28baac 0 -1 17 18
28bbd4 1 16 0 18
28bbd8 0 -1 -1 -1
28bc04 2 10 29 -1
28bc08 2 9 29 -1
28bc0c 1 2 10 9
28bc10 2 2 2 -1
28bc14 0 -1 16 2
28be24 2 9 29 -1
28be28 2 10 29 -1
28be2c 0 9 9 -1
28be30 0 -1 29 9
28be34 2 9 29 -1
28be38 0 19 19 -1
28be3c 0 10 10 -1
28be40 0 -1 29 10
28be44 0 9 9 -1
28be48 0 -1 29 9
28be4c 0 -1 19 -1
28b994 2 10 29 -1
28b998 0 3 10 -1
28b99c 0 2 0 -1
28b9a0 0 -1 3 2
28b9a4 2 9 29 -1
28b9a8 2 10 29 -1
28b9ac 1 2 9 10
28b9b0 2 18 2 -1
28b9b4 1 17 0 0
28b9b8 2 2 18 -1
28b9bc 1 6 0 18
28b9c0 0 3 18 -1
28b9c4 0 2 2 -1
28b9c8 0 16 2 -1
28b9cc 0 3 3 -1
28b9d0 0 2 3 -1
28b9d4 0 -1 2 0
28b9d8 0 2 3 -1
28b9dc 0 1 -1 -1
28b9e0 1 1 1 2
28b9e4 2 2 1 -1
28b9e8 0 -1 2 -1
28b9ec 2 4 6 -1
28b9f0 2 3 28 -1
28b9f4 0 2 4 -1
28b9f8 1 2 2 3
28b9fc 2 2 2 -1
28ba00 0 -1 2 4
28ba04 2 3 28 -1
28ba08 0 2 2 -1
28ba0c 1 2 2 3
28ba10 2 5 2 -1
28ba14 0 -1 5 0
28ba64 0 2 0 -1
28ba68 0 -1 19 2
28ba6c 0 2 19 -1
28ba70 0 -1 2 0
28ba74 0 -1 19 0
28ba88 0 -1 29 17
28ba8c 0 -1 29 18
28ba90 0 -1 29 16
28ba94 0 -1 -1 -1
28baa8 0 -1 17 0
28bbd4 1 16 0 18
28bbd8 0 -1 -1 -1
28bc04 2 10 29 -1
28bc08 2 9 29 -1
28bc0c 1 2 10 9
28bc10 2 2 2 -1
28bc14 0 -1 16 2
28be24 2 9 29 -1
28be28 2 10 29 -1
28be2c 0 9 9 -1
28be30 0 -1 29 9
28be34 2 9 29 -1
28be38 0 19 19 -1
28be3c 0 10 10 -1
28be40 0 -1 29 10
28be44 0 9 9 -1
28be48 0 -1 29 9
28be4c 0 -1 19 -1
28be50 0 2 21 -1
28be54 0 2 2 -1
28be58 0 -1 2 0
28be70 2 10 29 -1
28be74 0 -1 10 0
28be78 2 9 29 -1
28be7c 0 -1 9 0
28bf14 0 2 -1 -1
28bf18 1 2 2 21
28bf1c 0 2 2 -1
28bf20 0 2 2 -1
28bf24 0 2 2 -1
28bf28 0 3 2 -1
28bf2c 0 2 3 -1
28bf30 0 -1 2 0
28bf34 0 2 3 -1
28bf38 0 1 -1 -1
28bf3c 1 1 1 2
28bf40 2 2 1 -1
28bf44 0 -1 2 -1
28bf7c 2 10 29 -1
28bf80 0 -1 10 0
28bf8c 1 4 0 21
28bf90 0 5 29 -1
28bf94 0 6 29 -1
28bf98 2 10 28 -1
28bf9c 2 30 28 -1
28bfa0 0 7 29 -1
28bfa4 0 2 29 -1
28bfa8 0 -1 29 2
28bfac 0 -1 29 10
28bfb0 0 31 -1 -1
287f58 0 29 29 -1
287f5c 0 -1 29 31
287f60 0 -1 29 30
287f64 0 -1 29 23
287f68 0 -1 29 22
287f6c 0 -1 29 21
287f70 0 -1 29 20
287f74 0 -1 29 19
287f78 0 -1 29 18
287f7c 0 -1 29 17
287f80 0 -1 29 16
287f84 0 -1 29 5
287f88 0 -1 29 6
287f8c 0 -1 29 7
287f90 2 19 5 -1
287f94 2 2 19 -1
287f98 2 22 6 -1
287f9c 0 2 2 -1
287fa0 0 2 2 -1
287fa4 0 2 2 -1
287fa8 0 1 -1 -1
287fac 1 1 1 2
287fb0 2 2 1 -1
287fb4 1 21 0 4
287fb8 0 -1 22 2
287fbc 1 20 0 0
287fc0 0 2 19 -1
287fc4 1 23 0 0
287fc8 1 16 0 0
287fcc 0 8 0 -1
287fd0 0 -1 2 8
287fdc 0 2 19 -1
287fe0 0 1 -1 -1
287fe4 1 1 1 2
287fe8 0 2 1 -1
287fec 0 8 0 -1
287ff0 0 -1 2 8
288020 0 -1 20 0
288024 1 4 0 19
288028 2 5 19 -1
28802c 2 18 28 -1
288030 2 16 28 -1
288034 2 17 28 -1
288038 0 5 5 -1
28803c 0 5 5 -1
288040 0 31 -1 -1
286748 0 29 29 -1
28674c 1 6 0 4
286750 0 -1 29 23
286754 1 23 0 5
286758 0 -1 29 17
28675c 1 17 0 0
286760 0 -1 29 31
286764 0 -1 29 22
286768 0 -1 29 21
28676c 0 -1 29 20
286770 0 -1 29 19
286774 0 -1 29 18
286778 0 -1 29 16
28677c 0 -1 6 0
28678c 0 7 6 -1
286790 0 3 7 -1
286794 0 2 3 -1
286798 0 -1 2 0
28679c 0 2 3 -1
2867a0 0 1 -1 -1
2867a4 1 1 1 2
2867a8 2 2 1 -1
2867ac 0 -1 2 -1
2867b0 2 3 6 -1
2867b4 0 2 3 -1
2867b8 0 -1 2 0
2867bc 0 2 -1 -1
2867c0 1 2 2 3
2867c4 0 2 2 -1
2867c8 0 -1 2 0
2867cc 2 2 28 -1
2867d0 0 3 3 -1
2867d4 1 3 3 2
2867d8 2 2 3 -1
2867dc 0 2 2 -1
2867e0 1 2 17 2
2867e4 0 -1 -1 -1
286a94 2 31 29 -1
286a98 2 23 29 -1
286a9c 2 22 29 -1
286aa0 2 21 29 -1
286aa4 2 20 29 -1
286aa8 2 19 29 -1
286aac 2 18 29 -1
286ab0 2 17 29 -1
286ab4 2 16 29 -1
286ab8 0 29 29 -1
286abc 0 -1 31 -1
288044 0 4 -1 -1
288048 0 4 4 -1
28804c 0 64 2 4
288050 0 4 64 -1
288054 0 5 65 -1
288058 0 -1 28 16
28805c 0 -1 28 17
288060 0 -1 28 18
288064 0 5 4 -1
288068 1 4 0 0
28806c 1 4 2 5
288070 0 4 4 -1
288074 0 3 2 -1
288078 0 4 4 3
28807c 0 3 4 -1
288080 0 3 3 4
288084 0 2 2 3
288088 2 3 19 -1
28808c 0 2 2 -1
288090 0 16 -1 -1
288094 1 16 16 2
288098 2 16 16 -1
28809c 0 3 3 -1
2880a0 0 17 3 -1
2880a4 0 -1 16 0
2880a8 2 2 16 -1
2880ac 0 -1 17 2
2880b0 2 5 16 -1
2880b4 0 -1 19 5
2880b8 0 2 19 -1
2880bc 0 8 0 -1
2880c0 0 -1 2 8
2880ec 0 -1 16 0
2880f0 2 16 16 -1
2880f4 0 -1 16 0
2880f8 0 30 0 -1
2880fc 0 18 0 -1
288100 2 4 16 -1
288104 0 6 0 -1
288108 2 2 4 -1
28810c 1 7 0 0
288110 1 5 0 4
288114 0 2 2 -1
288118 0 17 2 -1
28811c 0 31 -1 -1
286b08 0 29 29 -1
286b0c 0 -1 29 17
286b10 1 17 0 4
286b14 0 -1 29 16
286b18 1 16 0 5
286b1c 0 -1 29 23
286b20 1 23 0 6
286b24 0 -1 29 22
286b28 1 22 0 7
286b2c 0 -1 29 31
286b30 0 -1 29 30
286b34 0 -1 29 21
286b38 0 -1 29 20
286b3c 0 -1 29 19
286b40 0 -1 29 18
286b44 0 -1 17 16
286b48 0 -1 23 0
286b4c 0 -1 17 0
286b50 0 -1 16 0
286b54 0 18 17 -1
286b58 0 2 16 -1
286b5c 0 -1 18 2
286ca0 0 3 17 -1
286ca4 0 2 16 -1
286ca8 0 -1 3 2
286cac 0 3 18 -1
286cb0 0 2 3 -1
286cb4 0 -1 2 0
286cb8 0 2 3 -1
286cbc 0 1 -1 -1
286cc0 1 1 1 2
286cc4 2 2 1 -1
286cc8 0 -1 2 -1
286cec 2 6 16 -1
286cf0 0 2 6 -1
286cf4 0 -1 2 0
286cf8 2 2 16 -1
286cfc 0 2 2 -1
286d00 0 2 2 -1
286d04 0 2 2 -1
286d08 0 3 -1 -1
286d0c 1 3 3 2
286d10 2 3 3 -1
286d14 0 2 3 -1
286d18 0 -1 2 -1
286d20 0 2 2 -1
286d24 1 7 6 2
286d28 0 -1 -1 -1
286d30 2 2 17 -1
286d34 2 3 28 -1
286d38 0 2 2 -1
286d3c 1 2 2 3
286d40 2 4 2 -1
286d44 0 5 6 -1
286d48 1 3 5 3
286d4c 2 2 3 -1
286d50 0 -1 4 2
286d54 0 -1 23 0
286d58 1 4 0 6
286d5c 0 2 4 7
286d60 0 -1 2 0
286d64 2 2 28 -1
286d68 2 3 28 -1
286d6c 1 6 5 2
286d70 1 5 5 3
286d74 2 3 5 -1
286d78 2 2 6 -1
286d7c 0 -1 3 2
286ea4 1 2 0 0
286ea8 0 -1 -1 -1
286f54 2 31 29 -1
286f58 2 30 29 -1
286f5c 2 23 29 -1
286f60 2 22 29 -1
286f64 2 21 29 -1
286f68 2 20 29 -1
286f6c 2 19 29 -1
286f70 2 18 29 -1
286f74 2 17 29 -1
286f78 2 16 29 -1
286f7c 0 29 29 -1
286f80 0 -1 31 -1
288120 0 -1 2 0
2882b8 2 16 16 -1
2882bc 0 -1 16 0
288100 2 4 16 -1
288104 0 6 0 -1
288108 2 2 4 -1
28810c 1 7 0 0
288110 1 5 0 4
288114 0 2 2 -1
288118 0 17 2 -1
28811c 0 31 -1 -1
286b08 0 29 29 -1
286b0c 0 -1 29 17
286b10 1 17 0 4
286b14 0 -1 29 16
286b18 1 16 0 5
286b1c 0 -1 29 23
286b20 1 23 0 6
286b24 0 -1 29 22
286b28 1 22 0 7
286b2c 0 -1 29 31
286b30 0 -1 29 30
286b34 0 -1 29 21
286b38 0 -1 29 20
286b3c 0 -1 29 19
286b40 0 -1 29 18
286b44 0 -1 17 16
286b48 0 -1 23 0
286b4c 0 -1 17 0
286b50 0 -1 16 0
286b54 0 18 17 -1
286b58 0 2 16 -1
286b5c 0 -1 18 2
286ca0 0 3 17 -1
286ca4 0 2 16 -1
286ca8 0 -1 3 2
286cac 0 3 18 -1
286cb0 0 2 3 -1
286cb4 0 -1 2 0
286cb8 0 2 3 -1
286cbc 0 1 -1 -1
286cc0 1 1 1 2
286cc4 2 2 1 -1
286cc8 0 -1 2 -1
286e08 0 2 18 -1
286e0c 0 3 -1 -1
286e10 1 3 3 2
286e14 2 3 3 -1
286e18 0 4 -1 -1
286e1c 1 4 4 2
286e20 2 4 4 -1
286e24 0 21 3 -1
286e28 0 -1 21 -1
286e2c 0 2 21 -1
286e30 1 19 2 16
286e34 1 18 2 17
286e38 1 30 21 4
286e3c 0 3 30 -1
286e40 0 2 0 -1
286e44 0 -1 3 2
286e8c 2 4 18 -1
286e90 2 5 19 -1
286e94 1 6 0 23
286e98 1 7 0 22
286e9c 0 31 -1 -1
286b08 0 29 29 -1
286b0c 0 -1 29 17
286b10 1 17 0 4
286b14 0 -1 29 16
286b18 1 16 0 5
286b1c 0 -1 29 23
286b20 1 23 0 6
286b24 0 -1 29 22
286b28 1 22 0 7
286b2c 0 -1 29 31
286b30 0 -1 29 30
286b34 0 -1 29 21
286b38 0 -1 29 20
286b3c 0 -1 29 19
286b40 0 -1 29 18
286b44 0 -1 17 16
286b48 0 -1 23 0
286b4c 0 -1 17 0
286b50 0 -1 16 0
286b54 0 18 17 -1
286b58 0 2 16 -1
286b5c 0 -1 18 2
286ca0 0 3 17 -1
286ca4 0 2 16 -1
286ca8 0 -1 3 2
286cac 0 3 18 -1
286cb0 0 2 3 -1
286cb4 0 -1 2 0
286cb8 0 2 3 -1
286cbc 0 1 -1 -1
286cc0 1 1 1 2
286cc4 2 2 1 -1
286cc8 0 -1 2 -1
286cd8 2 2 17 -1
286cdc 2 3 16 -1
286ce0 0 2 2 3
286ce4 0 2 2 -1
286ce8 0 -1 -1 -1
286f54 2 31 29 -1
286f58 2 30 29 -1
286f5c 2 23 29 -1
286f60 2 22 29 -1
286f64 2 21 29 -1
286f68 2 20 29 -1
286f6c 2 19 29 -1
286f70 2 18 29 -1
286f74 2 17 29 -1
286f78 2 16 29 -1
286f7c 0 29 29 -1
286f80 0 -1 31 -1
286ea0 0 -1 2 0
286f3c 0 19 19 -1
286f40 0 18 18 -1
286f44 0 30 30 -1
286f48 0 21 21 -1
286f4c 0 -1 21 -1
286e3c 0 3 30 -1
286e40 0 2 0 -1
286e44 0 -1 3 2
286e8c 2 4 18 -1
286e90 2 5 19 -1
286e94 1 6 0 23
286e98 1 7 0 22
286e9c 0 31 -1 -1
286b08 0 29 29 -1
286b0c 0 -1 29 17
286b10 1 17 0 4
286b14 0 -1 29 16
286b18 1 16 0 5
286b1c 0 -1 29 23
286b20 1 23 0 6
286b24 0 -1 29 22
286b28 1 22 0 7
286b2c 0 -1 29 31
286b30 0 -1 29 30
286b34 0 -1 29 21
286b38 0 -1 29 20
286b3c 0 -1 29 19
286b40 0 -1 29 18
286b44 0 -1 17 16
286b48 0 -1 23 0
286b4c 0 -1 17 0
286b50 0 -1 16 0
286b54 0 18 17 -1
286b58 0 2 16 -1
286b5c 0 -1 18 2
286ca0 0 3 17 -1
286ca4 0 2 16 -1
286ca8 0 -1 3 2
286cac 0 3 18 -1
286cb0 0 2 3 -1
286cb4 0 -1 2 0
286cb8 0 2 3 -1
286cbc 0 1 -1 -1
286cc0 1 1 1 2
286cc4 2 2 1 -1
286cc8 0 -1 2 -1
286cec 2 6 16 -1
286cf0 0 2 6 -1
286cf4 0 -1 2 0
286d2c 0 7 6 -1
286d30 2 2 17 -1
286d34 2 3 28 -1
286d38 0 2 2 -1
286d3c 1 2 2 3
286d40 2 4 2 -1
286d44 0 5 6 -1
286d48 1 3 5 3
286d4c 2 2 3 -1
286d50 0 -1 4 2
286d54 0 -1 23 0
286d58 1 4 0 6
286d5c 0 2 4 7
286d60 0 -1 2 0
286d64 2 2 28 -1
286d68 2 3 28 -1
286d6c 1 6 5 2
286d70 1 5 5 3
286d74 2 3 5 -1
286d78 2 2 6 -1
286d7c 0 -1 3 2
286d80 0 6 6 -1
286d84 0 5 5 -1
286d88 0 4 4 -1
286d8c 0 2 4 7
286d90 0 -1 2 0
286d94 0 -1 -1 -1
286f50 0 2 0 -1
286f54 2 31 29 -1
286f58 2 30 29 -1
286f5c 2 23 29 -1
286f60 2 22 29 -1
286f64 2 21 29 -1
286f68 2 20 29 -1
286f6c 2 19 29 -1
286f70 2 18 29 -1
286f74 2 17 29 -1
286f78 2 16 29 -1
286f7c 0 29 29 -1
286f80 0 -1 31 -1
286ea0 0 -1 2 0
286f3c 0 19 19 -1
286f40 0 18 18 -1
286f44 0 30 30 -1
286f48 0 21 21 -1
286f4c 0 -1 21 -1
286f50 0 2 0 -1
286f54 2 31 29 -1
286f58 2 30 29 -1
286f5c 2 23 29 -1
286f60 2 22 29 -1
286f64 2 21 29 -1
286f68 2 20 29 -1
286f6c 2 19 29 -1
286f70 2 18 29 -1
286f74 2 17 29 -1
286f78 2 16 29 -1
286f7c 0 29 29 -1
286f80 0 -1 31 -1
288120 0 -1 2 0
288124 2 2 16 -1
288128 0 4 2 -1
28812c 0 8 0 -1
288130 0 -1 4 8
2881a4 2 20 16 -1
2881a8 0 -1 -1 -1
2882c0 0 -1 20 0
2882c4 0 3 20 -1
2882c8 2 19 20 -1
2882cc 2 22 20 -1
2882d0 0 2 -1 -1
2882d4 1 2 2 3
2882d8 0 2 2 -1
2882dc 0 8 0 -1
2882e0 0 -1 2 8
2882e8 0 -1 23 0
2882f8 2 2 19 -1
2882fc 0 2 2 -1
288300 0 2 2 -1
288304 0 2 2 -1
288308 0 1 -1 -1
28830c 1 1 1 2
288310 2 2 1 -1
288314 0 -1 22 2
288318 2 2 19 -1
28831c 2 8 29 -1
288320 1 4 0 19
288324 0 2 2 -1
288328 0 2 2 -1
28832c 0 -1 8 2
288330 2 2 22 -1
288334 1 5 0 0
288338 2 8 29 -1
28833c 0 2 2 -1
288340 0 2 2 -1
288344 0 -1 8 2
288348 0 31 -1 -1
28abe0 0 29 29 -1
28abe4 0 -1 29 30
28abe8 1 30 0 5
28abec 0 -1 29 31
28abf0 0 -1 29 23
28abf4 0 -1 29 22
28abf8 0 -1 29 21
28abfc 0 -1 29 20
28ac00 0 -1 29 19
28ac04 0 -1 29 18
28ac08 0 -1 29 17
28ac0c 0 -1 29 16
28ac10 0 -1 29 4
28ac14 2 10 29 -1
28ac18 1 20 0 0
28ac1c 0 -1 29 0
28ac20 0 -1 29 0
28ac24 0 -1 10 0
28ac30 2 9 29 -1
28ac34 2 2 9 -1
28ac38 0 21 9 -1
28ac3c 0 2 2 -1
28ac40 0 2 2 -1
28ac44 0 3 21 -1
28ac48 0 -1 29 2
28ac4c 0 2 3 -1
28ac50 0 -1 2 0
28ac54 0 2 3 -1
28ac58 0 1 -1 -1
28ac5c 1 1 1 2
28ac60 2 2 1 -1
28ac64 0 -1 2 -1
28c80c 2 2 29 -1
28c810 2 31 29 -1
28c814 2 30 29 -1
28c818 2 23 29 -1
28c81c 2 22 29 -1
28c820 2 21 29 -1
28c824 2 20 29 -1
28c828 2 19 29 -1
28c82c 2 18 29 -1
28c830 2 17 29 -1
28c834 2 16 29 -1
28c838 0 29 29 -1
28c83c 0 -1 31 -1
28834c 2 8 29 -1
288350 1 4 0 22
288354 1 5 0 0
288358 0 -1 8 2
28835c 0 31 -1 -1
28abe0 0 29 29 -1
28abe4 0 -1 29 30
28abe8 1 30 0 5
28abec 0 -1 29 31
28abf0 0 -1 29 23
28abf4 0 -1 29 22
28abf8 0 -1 29 21
28abfc 0 -1 29 20
28ac00 0 -1 29 19
28ac04 0 -1 29 18
28ac08 0 -1 29 17
28ac0c 0 -1 29 16
28ac10 0 -1 29 4
28ac14 2 10 29 -1
28ac18 1 20 0 0
28ac1c 0 -1 29 0
28ac20 0 -1 29 0
28ac24 0 -1 10 0
28ac30 2 9 29 -1
28ac34 2 2 9 -1
28ac38 0 21 9 -1
28ac3c 0 2 2 -1
28ac40 0 2 2 -1
28ac44 0 3 21 -1
28ac48 0 -1 29 2
28ac4c 0 2 3 -1
28ac50 0 -1 2 0
28ac54 0 2 3 -1
28ac58 0 1 -1 -1
28ac5c 1 1 1 2
28ac60 2 2 1 -1
28ac64 0 -1 2 -1
28c80c 2 2 29 -1
28c810 2 31 29 -1
28c814 2 30 29 -1
28c818 2 23 29 -1
28c81c 2 22 29 -1
28c820 2 21 29 -1
28c824 2 20 29 -1
28c828 2 19 29 -1
28c82c 2 18 29 -1
28c830 2 17 29 -1
28c834 2 16 29 -1
28c838 0 29 29 -1
28c83c 0 -1 31 -1
288360 2 8 29 -1
288364 0 -1 8 2
288368 1 2 0 21
28836c 2 31 29 -1
288370 2 30 29 -1
288374 2 23 29 -1
288378 2 22 29 -1
28837c 2 21 29 -1
288380 2 20 29 -1
288384 2 19 29 -1
288388 2 18 29 -1
28838c 2 17 29 -1
288390 2 16 29 -1
288394 0 29 29 -1
288398 0 -1 31 -1
28bfb4 2 4 29 -1
28bfb8 1 21 0 2
28bfbc 0 31 -1 -1
28c840 0 29 29 -1
28c844 0 -1 29 19
28c848 1 19 0 4
28c84c 0 -1 29 31
28c850 0 -1 29 18
28c854 0 -1 29 17
28c858 0 -1 29 16
28c85c 0 3 19 -1
28c860 0 2 0 -1
28c864 0 -1 3 2
28c868 2 4 19 -1
28c86c 2 3 28 -1
28c870 0 2 4 -1
28c874 1 2 2 3
28c878 2 2 2 -1
28c87c 0 -1 2 4
28c880 2 3 28 -1
28c884 0 2 2 -1
28c888 1 2 2 3
28c88c 2 5 2 -1
28c890 0 -1 5 0
28c8a8 0 -1 19 0
28c8ac 0 3 19 -1
28c8b0 0 2 3 -1
28c8b4 0 2 2 -1
28c8b8 0 -1 2 0
28c8bc 0 2 3 -1
28c8c0 0 2 2 -1
28c8c4 0 -1 2 0
28c8c8 0 3 19 -1
28c8cc 0 2 0 -1
28c8d0 0 -1 3 2
28c8d4 0 2 0 -1
28c8d8 0 -1 3 2
28c8dc 0 3 19 -1
28c8e0 0 2 0 -1
28c8e4 0 -1 3 2
28ca68 1 2 0 0
28ca6c 2 31 29 -1
28ca70 2 19 29 -1
28ca74 2 18 29 -1
28ca78 2 17 29 -1
28ca7c 2 16 29 -1
28ca80 0 29 29 -1
28ca84 0 -1 31 -1
28bfc0 2 4 29 -1
28bfc4 0 -1 29 2
28bfc8 0 31 -1 -1
28c840 0 29 29 -1
28c844 0 -1 29 19
28c848 1 19 0 4
28c84c 0 -1 29 31
28c850 0 -1 29 18
28c854 0 -1 29 17
28c858 0 -1 29 16
28c85c 0 3 19 -1
28c860 0 2 0 -1
28c864 0 -1 3 2
28c8a8 0 -1 19 0
28c8ac 0 3 19 -1
28c8b0 0 2 3 -1
28c8b4 0 2 2 -1
28c8b8 0 -1 2 0
28c8bc 0 2 3 -1
28c8c0 0 2 2 -1
28c8c4 0 -1 2 0
28c928 1 2 0 19
28c92c 0 -1 -1 -1
28ca6c 2 31 29 -1
28ca70 2 19 29 -1
28ca74 2 18 29 -1
28ca78 2 17 29 -1
28ca7c 2 16 29 -1
28ca80 0 29 29 -1
28ca84 0 -1 31 -1
28bfcc 2 3 29 -1
28bfd0 0 -1 29 2
28bfd4 0 -1 3 0
28bfd8 0 2 3 -1
28bfdc 0 3 -1 -1
28bfe0 1 3 3 2
28bfe4 2 3 3 -1
28bfe8 0 2 0 -1
28bfec 0 -1 3 2
28bff0 2 9 29 -1
28bff4 0 -1 9 0
28c000 2 2 28 -1
28c004 2 9 29 -1
28c008 0 -1 9 2
28c0e8 2 2 29 -1
28c0ec 0 2 2 -1
28c0f0 0 3 -1 -1
28c0f4 1 3 3 2
28c0f8 2 3 3 -1
28c0fc 0 2 0 -1
28c100 0 -1 3 2
28c104 0 2 0 -1
28c108 0 -1 3 2
28c10c 2 3 29 -1
28c110 2 5 29 -1
28c114 0 -1 3 5
28c118 0 4 3 -1
28c11c 0 2 0 -1
28c120 0 -1 4 2
28c124 0 2 5 -1
28c128 0 -1 2 4
28c154 2 4 29 -1
28c158 2 5 29 -1
28c15c 2 18 28 -1
28c160 2 16 28 -1
28c164 2 17 28 -1
28c168 0 31 -1 -1
286748 0 29 29 -1
28674c 1 6 0 4
286750 0 -1 29 23
286754 1 23 0 5
286758 0 -1 29 17
28675c 1 17 0 0
286760 0 -1 29 31
286764 0 -1 29 22
286768 0 -1 29 21
28676c 0 -1 29 20
286770 0 -1 29 19
286774 0 -1 29 18
286778 0 -1 29 16
28677c 0 -1 6 0
28678c 0 7 6 -1
286790 0 3 7 -1
286794 0 2 3 -1
286798 0 -1 2 0
28679c 0 2 3 -1
2867a0 0 1 -1 -1
2867a4 1 1 1 2
2867a8 2 2 1 -1
2867ac 0 -1 2 -1
2867b0 2 3 6 -1
2867b4 0 2 3 -1
2867b8 0 -1 2 0
2867cc 2 2 28 -1
2867d0 0 3 3 -1
2867d4 1 3 3 2
2867d8 2 2 3 -1
2867dc 0 2 2 -1
2867e0 1 2 17 2
2867e4 0 -1 -1 -1
286a94 2 31 29 -1
286a98 2 23 29 -1
286a9c 2 22 29 -1
286aa0 2 21 29 -1
286aa4 2 20 29 -1
286aa8 2 19 29 -1
286aac 2 18 29 -1
286ab0 2 17 29 -1
286ab4 2 16 29 -1
286ab8 0 29 29 -1
286abc 0 -1 31 -1
28c16c 0 4 -1 -1
28c170 0 4 4 -1
28c174 0 64 2 4
28c178 0 4 64 -1
28c17c 0 5 65 -1
28c180 2 20 29 -1
28c184 2 22 29 -1
28c188 0 5 4 -1
28c18c 1 4 0 0
28c190 1 4 2 5
28c194 0 4 4 -1
28c198 0 3 2 -1
28c19c 0 4 4 3
28c1a0 0 3 4 -1
28c1a4 0 3 3 4
28c1a8 0 2 2 3
28c1ac 0 2 2 -1
28c1b0 0 19 -1 -1
28c1b4 1 19 19 2
28c1b8 2 19 19 -1
28c1bc 0 -1 28 16
28c1c0 0 -1 28 17
28c1c4 0 -1 28 18
28c1c8 0 -1 19 0
28c1cc 0 16 0 -1
28c1d0 2 2 19 -1
28c1d4 0 -1 22 2
28c1d8 2 5 19 -1
28c1dc 0 -1 20 5
28c1e0 0 2 5 -1
28c1e4 0 -1 2 16
28c204 1 22 0 19
28c208 0 -1 -1 -1
28c218 0 -1 22 0
28c21c 2 4 29 -1
28c220 2 5 29 -1
28c224 2 18 28 -1
28c228 2 16 28 -1
28c22c 2 17 28 -1
28c230 0 31 -1 -1
286748 0 29 29 -1
28674c 1 6 0 4
286750 0 -1 29 23
286754 1 23 0 5
286758 0 -1 29 17
28675c 1 17 0 0
286760 0 -1 29 31
286764 0 -1 29 22
286768 0 -1 29 21
28676c 0 -1 29 20
286770 0 -1 29 19
286774 0 -1 29 18
286778 0 -1 29 16
28677c 0 -1 6 0
28678c 0 7 6 -1
286790 0 3 7 -1
286794 0 2 3 -1
286798 0 -1 2 0
28679c 0 2 3 -1
2867a0 0 1 -1 -1
2867a4 1 1 1 2
2867a8 2 2 1 -1
2867ac 0 -1 2 -1
2867e8 2 3 6 -1
2867ec 0 2 3 -1
2867f0 1 2 23 2
2867f4 0 3 3 -1
2867f8 1 2 2 3
2867fc 1 17 17 2
286800 0 2 17 -1
286804 0 -1 -1 -1
286a94 2 31 29 -1
286a98 2 23 29 -1
286a9c 2 22 29 -1
286aa0 2 21 29 -1
286aa4 2 20 29 -1
286aa8 2 19 29 -1
286aac 2 18 29 -1
286ab0 2 17 29 -1
286ab4 2 16 29 -1
286ab8 0 29 29 -1
286abc 0 -1 31 -1
28c234 0 4 -1 -1
28c238 0 4 4 -1
28c23c 0 64 2 4
28c240 0 4 64 -1
28c244 0 5 65 -1
28c248 2 20 29 -1
28c24c 2 23 29 -1
28c250 0 5 4 -1
28c254 1 4 0 0
28c258 1 4 2 5
28c25c 0 4 4 -1
28c260 0 3 2 -1
28c264 0 4 4 3
28c268 0 3 4 -1
28c26c 0 3 3 4
28c270 0 2 2 3
28c274 0 2 2 -1
28c278 0 19 -1 -1
28c27c 1 19 19 2
28c280 2 19 19 -1
28c284 0 -1 28 16
28c288 0 -1 28 17
28c28c 0 -1 28 18
28c290 0 -1 19 0
28c2dc 1 2 0 0
28c2e0 0 -1 2 0
28c31c 2 3 29 -1
28c320 0 18 3 -1
28c324 0 2 0 -1
28c328 0 -1 18 2
28c32c 2 4 3 -1
28c330 2 3 28 -1
28c334 0 2 4 -1
28c338 1 2 2 3
28c33c 2 17 2 -1
28c340 0 -1 17 4
28c344 2 2 28 -1
28c348 0 16 17 -1
28c34c 1 2 16 2
28c350 2 4 2 -1
28c354 1 5 0 21
28c358 0 31 -1 -1
282378 0 -1 4 5
28237c 0 4 4 -1
282380 0 2 4 -1
282384 0 -1 2 0
2823e0 1 2 0 0
2823e4 0 -1 31 -1
28c35c 0 -1 2 0
28c360 1 4 0 21
28c364 0 31 -1 -1
2821b0 0 29 29 -1
2821b4 0 -1 29 31
2821b8 0 4 4 -1
2821bc 0 2 4 -1
2821c0 0 -1 2 0
2821c4 0 2 4 -1
2821c8 0 1 -1 -1
2821cc 1 1 1 2
2821d0 2 2 1 -1
2821d4 0 -1 2 -1
2821e0 0 2 0 -1
2821e4 0 -1 -1 -1
28222c 2 31 29 -1
282230 0 29 29 -1
282234 0 -1 31 -1
28c368 2 3 28 -1
28c36c 1 3 16 3
28c370 2 4 3 -1
28c374 1 5 0 2
28c378 0 31 -1 -1
282378 0 -1 4 5
28237c 0 4 4 -1
282380 0 2 4 -1
282384 0 -1 2 0
2823e0 1 2 0 0
2823e4 0 -1 31 -1
28c37c 0 -1 2 0
28c434 2 2 28 -1
28c438 2 9 29 -1
28c43c 0 -1 9 2
28c4e4 2 6 29 -1
28c4e8 0 -1 6 0
28c4ec 2 6 29 -1
28c4f0 2 7 29 -1
28c4f4 0 -1 7 0
28c4fc 2 5 29 -1
28c500 1 4 0 21
28c504 0 31 -1 -1
28a298 0 29 29 -1
28a29c 0 -1 29 5
28a2a0 0 2 5 -1
28a2a4 0 -1 29 31
28a2a8 0 -1 29 18
28a2ac 0 -1 29 17
28a2b0 0 -1 29 16
28a2b4 0 -1 29 54
28a2b8 0 -1 29 52
28a2bc 0 -1 29 4
28a2c0 0 -1 29 6
28a2c4 0 -1 29 7
28a2c8 0 1 -1 -1
28a2cc 1 1 1 2
28a2d0 2 2 1 -1
28a2d4 0 3 6 -1
28a2d8 0 16 2 -1
28a2dc 0 2 0 -1
28a2e0 0 -1 3 2
28a2fc 2 10 29 -1
28a300 2 2 10 -1
28a304 0 2 2 -1
28a308 0 2 2 -1
28a30c 0 2 2 -1
28a310 0 3 -1 -1
28a314 1 3 3 2
28a318 2 3 3 -1
28a31c 0 2 0 -1
28a320 0 -1 3 2
28a324 2 10 29 -1
28a328 0 3 10 -1
28a32c 0 2 0 -1
28a330 0 -1 3 2
28a344 2 4 29 -1
28a348 2 5 29 -1
28a34c 0 31 -1 -1
26b760 0 29 29 -1
26b764 0 -1 29 31
26b768 0 -1 29 23
26b76c 0 -1 29 22
26b770 0 -1 29 21
26b774 0 -1 29 20
26b778 0 -1 29 19
26b77c 0 -1 29 18
26b780 0 -1 29 17
26b784 0 -1 29 16
26b788 0 -1 4 5
26b78c 0 -1 4 0
26b790 0 -1 5 0
26b794 0 6 4 -1
26b798 0 2 5 -1
26b79c 0 -1 6 2
26b890 1 2 0 0
26b894 0 -1 -1 -1
26b93c 2 31 29 -1
26b940 2 23 29 -1
26b944 2 22 29 -1
26b948 2 21 29 -1
26b94c 2 20 29 -1
26b950 2 19 29 -1
26b954 2 18 29 -1
26b958 2 17 29 -1
26b95c 2 16 29 -1
26b960 0 29 29 -1
26b964 0 -1 31 -1
28a350 0 -1 2 0
28a3b0 2 10 29 -1
28a3b4 0 3 10 -1
28a3b8 0 2 0 -1
28a3bc 0 -1 3 2
28a4c4 2 10 29 -1
28a4c8 0 2 10 -1
28a4cc 0 3 -1 -1
28a4d0 1 3 3 2
28a4d4 2 3 3 -1
28a4d8 0 2 0 -1
28a4dc 0 -1 3 2
28a4e0 0 2 16 -1
28a4e4 0 -1 2 0
28a620 2 10 29 -1
28a624 0 3 10 -1
28a628 0 2 3 -1
28a62c 0 -1 2 0
28a630 0 2 3 -1
28a634 0 1 -1 -1
28a638 1 1 1 2
28a63c 2 2 1 -1
28a640 0 -1 2 -1
28a708 2 6 28 -1
28a70c 2 10 29 -1
28a710 0 -1 10 6
28a714 2 4 28 -1
28a718 0 -1 10 4
28a71c 2 7 28 -1
28a720 0 -1 10 7
28a724 2 5 28 -1
28a728 0 -1 10 5
28a72c 0 3 10 -1
28a730 0 2 0 -1
28a734 0 -1 3 2
28a764 2 6 28 -1
28a768 2 10 29 -1
28a76c 0 -1 10 6
28a770 2 5 28 -1
28a774 0 -1 10 5
28a778 2 4 28 -1
28a77c 0 -1 10 4
28a780 0 3 10 -1
28a784 0 2 0 -1
28a788 0 -1 3 2
28a924 1 2 0 0
28a928 0 -1 -1 -1
28aa68 2 31 29 -1
28aa6c 2 18 29 -1
28aa70 2 17 29 -1
28aa74 2 16 29 -1
28aa78 0 54 29 -1
28aa7c 0 52 29 -1
28aa80 0 29 29 -1
28aa84 0 -1 31 -1
28c508 0 -1 -1 -1
28c800 1 20 0 2
28c804 1 2 0 20
28c808 0 -1 2 0
28c80c 2 2 29 -1
28c810 2 31 29 -1
28c814 2 30 29 -1
28c818 2 23 29 -1
28c81c 2 22 29 -1
28c820 2 21 29 -1
28c824 2 20 29 -1
28c828 2 19 29 -1
28c82c 2 18 29 -1
28c830 2 17 29 -1
28c834 2 16 29 -1
28c838 0 29 29 -1
28c83c 0 -1 31 -1
28ba54 1 18 0 2
28ba58 1 4 0 18
28ba5c 0 31 -1 -1
28c840 0 29 29 -1
28c844 0 -1 29 19
28c848 1 19 0 4
28c84c 0 -1 29 31
28c850 0 -1 29 18
28c854 0 -1 29 17
28c858 0 -1 29 16
28c85c 0 3 19 -1
28c860 0 2 0 -1
28c864 0 -1 3 2
28c8a8 0 -1 19 0
28c8ac 0 3 19 -1
28c8b0 0 2 3 -1
28c8b4 0 2 2 -1
28c8b8 0 -1 2 0
28c8bc 0 2 3 -1
28c8c0 0 2 2 -1
28c8c4 0 -1 2 0
28c8c8 0 3 19 -1
28c8cc 0 2 0 -1
28c8d0 0 -1 3 2
28c8d4 0 2 0 -1
28c8d8 0 -1 3 2
28c8dc 0 3 19 -1
28c8e0 0 2 0 -1
28c8e4 0 -1 3 2
28ca68 1 2 0 0
28ca6c 2 31 29 -1
28ca70 2 19 29 -1
28ca74 2 18 29 -1
28ca78 2 17 29 -1
28ca7c 2 16 29 -1
28ca80 0 29 29 -1
28ca84 0 -1 31 -1
28ba60 1 17 0 2
28ba64 0 2 0 -1
28ba68 0 -1 19 2
28ba6c 0 2 19 -1
28ba70 0 -1 2 0
28ba74 0 -1 19 0
28ba88 0 -1 29 17
28ba8c 0 -1 29 18
28ba90 0 -1 29 16
28ba94 0 -1 -1 -1
28baa8 0 -1 17 0
28bbd4 1 16 0 18
28bbd8 0 -1 -1 -1
28bc04 2 10 29 -1
28bc08 2 9 29 -1
28bc0c 1 2 10 9
28bc10 2 2 2 -1
28bc14 0 -1 16 2
28be24 2 9 29 -1
28be28 2 10 29 -1
28be2c 0 9 9 -1
28be30 0 -1 29 9
28be34 2 9 29 -1
28be38 0 19 19 -1
28be3c 0 10 10 -1
28be40 0 -1 29 10
28be44 0 9 9 -1
28be48 0 -1 29 9
28be4c 0 -1 19 -1
28be50 0 2 21 -1
28be54 0 2 2 -1
28be58 0 -1 2 0
28be5c 0 3 -1 -1
28be60 1 3 3 21
28be64 0 3 3 -1
28be68 0 2 0 -1
28be6c 0 -1 3 2
28bf14 0 2 -1 -1
28bf18 1 2 2 21
28bf1c 0 2 2 -1
28bf20 0 2 2 -1
28bf24 0 2 2 -1
28bf28 0 3 2 -1
28bf2c 0 2 3 -1
28bf30 0 -1 2 0
28bf34 0 2 3 -1
28bf38 0 1 -1 -1
28bf3c 1 1 1 2
28bf40 2 2 1 -1
28bf44 0 -1 2 -1
28c7b8 2 7 29 -1
28c7bc 0 -1 7 0
28c7c0 2 7 29 -1
28c7c4 2 10 29 -1
28c7c8 0 -1 29 10
28c7cc 0 -1 10 0
28c7d8 2 9 29 -1
28c7dc 0 -1 29 9
28c7e0 0 -1 9 0
28c7e4 2 10 29 -1
28c7e8 2 2 10 -1
28c7ec 0 -1 29 2
28c7f0 2 6 29 -1
28c7f4 2 5 29 -1
28c7f8 1 4 0 21
28c7fc 0 31 -1 -1
28aa88 0 29 29 -1
28aa8c 0 5 5 -1
28aa90 0 -1 29 31
28aa94 0 2 -1 -1
28aa98 1 2 2 5
28aa9c 2 2 2 -1
28aaa0 2 10 29 -1
28aaa4 2 8 29 -1
28aaa8 0 11 -1 -1
28aaac 0 11 11 -1
28aab0 0 9 2 -1
28aab4 0 -1 9 0
28aab8 0 9 0 -1
28aabc 0 2 0 -1
28aac0 0 -1 4 2
28aba8 0 3 7 -1
28abac 0 2 0 -1
28abb0 0 -1 3 2
28abd0 1 2 0 0
28abd4 2 31 29 -1
28abd8 0 29 29 -1
28abdc 0 -1 31 -1
28c800 1 20 0 2
28c804 1 2 0 20
28c808 0 -1 2 0
28c80c 2 2 29 -1
28c810 2 31 29 -1
28c814 2 30 29 -1
28c818 2 23 29 -1
28c81c 2 22 29 -1
28c820 2 21 29 -1
28c824 2 20 29 -1
28c828 2 19 29 -1
28c82c 2 18 29 -1
28c830 2 17 29 -1
28c834 2 16 29 -1
28c838 0 29 29 -1
28c83c 0 -1 31 -1
28deb8 2 10 30 -1
28debc 2 3 10 -1
28dec0 2 4 3 -1
28dec4 0 3 4 -1
28dec8 0 -1 30 2
28decc 0 3 3 -1
28ded0 0 3 3 -1
28ded4 0 -1 3 0
28df30 2 9 30 -1
28df34 2 16 30 -1
28df38 0 -1 9 20
28df3c 0 2 20 -1
28df40 0 10 0 -1
28df44 0 -1 28 0
28df48 0 -1 28 0
28df4c 0 -1 28 0
28df50 0 -1 2 10
28dfac 2 5 30 -1
28dfb0 1 4 0 20
28dfb4 0 31 -1 -1
286748 0 29 29 -1
28674c 1 6 0 4
286750 0 -1 29 23
286754 1 23 0 5
286758 0 -1 29 17
28675c 1 17 0 0
286760 0 -1 29 31
286764 0 -1 29 22
286768 0 -1 29 21
28676c 0 -1 29 20
286770 0 -1 29 19
286774 0 -1 29 18
286778 0 -1 29 16
28677c 0 -1 6 0
28678c 0 7 6 -1
286790 0 3 7 -1
286794 0 2 3 -1
286798 0 -1 2 0
28679c 0 2 3 -1
2867a0 0 1 -1 -1
2867a4 1 1 1 2
2867a8 2 2 1 -1
2867ac 0 -1 2 -1
2868d4 0 4 7 -1
2868d8 0 3 -1 -1
2868dc 1 3 3 4
2868e0 2 3 3 -1
2868e4 2 2 6 -1
2868e8 0 21 -1 -1
2868ec 1 21 21 4
2868f0 2 21 21 -1
2868f4 0 19 3 -1
2868f8 0 2 2 -1
2868fc 0 2 2 -1
286900 1 2 7 2
286904 1 17 17 2
286908 0 -1 19 -1
28690c 0 22 0 -1
286910 0 2 19 -1
286914 1 18 2 6
286918 1 20 19 21
28691c 0 3 20 -1
286920 0 2 0 -1
286924 0 -1 3 2
286928 2 5 18 -1
28692c 0 -1 5 0
286930 0 3 5 -1
286934 0 2 0 -1
286938 0 -1 3 2
2869b4 0 -1 20 21
2869b8 1 4 0 5
2869bc 1 5 0 0
2869c0 0 31 -1 -1
286748 0 29 29 -1
28674c 1 6 0 4
286750 0 -1 29 23
286754 1 23 0 5
286758 0 -1 29 17
28675c 1 17 0 0
286760 0 -1 29 31
286764 0 -1 29 22
286768 0 -1 29 21
28676c 0 -1 29 20
286770 0 -1 29 19
286774 0 -1 29 18
286778 0 -1 29 16
28677c 0 -1 6 0
28678c 0 7 6 -1
286790 0 3 7 -1
286794 0 2 3 -1
286798 0 -1 2 0
28679c 0 2 3 -1
2867a0 0 1 -1 -1
2867a4 1 1 1 2
2867a8 2 2 1 -1
2867ac 0 -1 2 -1
2868c4 0 2 0 -1
2868c8 0 -1 28 2
2868cc 1 2 0 0
2868d0 0 -1 -1 -1
286a94 2 31 29 -1
286a98 2 23 29 -1
286a9c 2 22 29 -1
286aa0 2 21 29 -1
286aa4 2 20 29 -1
286aa8 2 19 29 -1
286aac 2 18 29 -1
286ab0 2 17 29 -1
286ab4 2 16 29 -1
286ab8 0 29 29 -1
286abc 0 -1 31 -1
2869c4 1 17 17 2
2869c8 0 -1 -1 -1
286a80 0 18 18 -1
286a84 0 20 20 -1
286a88 0 19 19 -1
286a8c 0 -1 19 -1
28691c 0 3 20 -1
286920 0 2 0 -1
286924 0 -1 3 2
286928 2 5 18 -1
28692c 0 -1 5 0
286930 0 3 5 -1
286934 0 2 0 -1
286938 0 -1 3 2
2869b4 0 -1 20 21
2869b8 1 4 0 5
2869bc 1 5 0 0
2869c0 0 31 -1 -1
286748 0 29 29 -1
28674c 1 6 0 4
286750 0 -1 29 23
286754 1 23 0 5
286758 0 -1 29 17
28675c 1 17 0 0
286760 0 -1 29 31
286764 0 -1 29 22
286768 0 -1 29 21
28676c 0 -1 29 20
286770 0 -1 29 19
286774 0 -1 29 18
286778 0 -1 29 16
28677c 0 -1 6 0
28678c 0 7 6 -1
286790 0 3 7 -1
286794 0 2 3 -1
286798 0 -1 2 0
28679c 0 2 3 -1
2867a0 0 1 -1 -1
2867a4 1 1 1 2
2867a8 2 2 1 -1
2867ac 0 -1 2 -1
286860 0 2 6 -1
286864 0 2 2 -1
286868 1 2 17 2
28686c 0 -1 -1 -1
286a94 2 31 29 -1
286a98 2 23 29 -1
286a9c 2 22 29 -1
286aa0 2 21 29 -1
286aa4 2 20 29 -1
286aa8 2 19 29 -1
286aac 2 18 29 -1
286ab0 2 17 29 -1
286ab4 2 16 29 -1
286ab8 0 29 29 -1
286abc 0 -1 31 -1
2869c4 1 17 17 2
2869c8 0 -1 -1 -1
286a80 0 18 18 -1
286a84 0 20 20 -1
286a88 0 19 19 -1
286a8c 0 -1 19 -1
28691c 0 3 20 -1
286920 0 2 0 -1
286924 0 -1 3 2
286928 2 5 18 -1
28692c 0 -1 5 0
286930 0 3 5 -1
286934 0 2 0 -1
286938 0 -1 3 2
2869b4 0 -1 20 21
286784 1 6 0 5
286788 0 -1 -1 -1
28677c 0 -1 6 0
28678c 0 7 6 -1
286790 0 3 7 -1
286794 0 2 3 -1
286798 0 -1 2 0
2868d4 0 4 7 -1
2868d8 0 3 -1 -1
2868dc 1 3 3 4
2868e0 2 3 3 -1
2868e4 2 2 6 -1
2868e8 0 21 -1 -1
2868ec 1 21 21 4
2868f0 2 21 21 -1
2868f4 0 19 3 -1
2868f8 0 2 2 -1
2868fc 0 2 2 -1
286900 1 2 7 2
286904 1 17 17 2
286908 0 -1 19 -1
28690c 0 22 0 -1
286910 0 2 19 -1
286914 1 18 2 6
286918 1 20 19 21
28691c 0 3 20 -1
286920 0 2 0 -1
286924 0 -1 3 2
286928 2 5 18 -1
28692c 0 -1 5 0
286930 0 3 5 -1
286934 0 2 0 -1
286938 0 -1 3 2
2869b4 0 -1 20 21
2869b8 1 4 0 5
2869bc 1 5 0 0
2869c0 0 31 -1 -1
286748 0 29 29 -1
28674c 1 6 0 4
286750 0 -1 29 23
286754 1 23 0 5
286758 0 -1 29 17
28675c 1 17 0 0
286760 0 -1 29 31
286764 0 -1 29 22
286768 0 -1 29 21
28676c 0 -1 29 20
286770 0 -1 29 19
286774 0 -1 29 18
286778 0 -1 29 16
28677c 0 -1 6 0
28678c 0 7 6 -1
286790 0 3 7 -1
286794 0 2 3 -1
286798 0 -1 2 0
28679c 0 2 3 -1
2867a0 0 1 -1 -1
2867a4 1 1 1 2
2867a8 2 2 1 -1
2867ac 0 -1 2 -1
2867e8 2 3 6 -1
2867ec 0 2 3 -1
2867f0 1 2 23 2
2867f4 0 3 3 -1
2867f8 1 2 2 3
2867fc 1 17 17 2
286800 0 2 17 -1
286804 0 -1 -1 -1
286a94 2 31 29 -1
286a98 2 23 29 -1
286a9c 2 22 29 -1
286aa0 2 21 29 -1
286aa4 2 20 29 -1
286aa8 2 19 29 -1
286aac 2 18 29 -1
286ab0 2 17 29 -1
286ab4 2 16 29 -1
286ab8 0 29 29 -1
286abc 0 -1 31 -1
2869c4 1 17 17 2
2869c8 0 -1 -1 -1
286a80 0 18 18 -1
286a84 0 20 20 -1
286a88 0 19 19 -1
286a8c 0 -1 19 -1
28691c 0 3 20 -1
286920 0 2 0 -1
286924 0 -1 3 2
286928 2 5 18 -1
28692c 0 -1 5 0
286930 0 3 5 -1
286934 0 2 0 -1
286938 0 -1 3 2
28693c 2 4 5 -1
286940 2 3 28 -1
286944 0 2 4 -1
286948 1 2 2 3
28694c 2 3 2 -1
286950 0 -1 3 4
286954 2 2 28 -1
286958 0 4 3 -1
28695c 2 3 5 -1
286960 1 2 4 2
286964 2 2 2 -1
286968 0 3 3 -1
28696c 0 3 3 -1
286970 0 -1 2 3
286974 2 2 28 -1
286978 1 2 4 2
28697c 2 4 2 -1
286980 0 -1 4 0
2869b4 0 -1 20 21
286784 1 6 0 5
286788 0 -1 -1 -1
28677c 0 -1 6 0
28678c 0 7 6 -1
286790 0 3 7 -1
286794 0 2 3 -1
286798 0 -1 2 0
28679c 0 2 3 -1
2867a0 0 1 -1 -1
2867a4 1 1 1 2
2867a8 2 2 1 -1
2867ac 0 -1 2 -1
2867b0 2 3 6 -1
2867b4 0 2 3 -1
2867b8 0 -1 2 0
2867bc 0 2 -1 -1
2867c0 1 2 2 3
2867c4 0 2 2 -1
2867c8 0 -1 2 0
2867cc 2 2 28 -1
2867d0 0 3 3 -1
2867d4 1 3 3 2
2867d8 2 2 3 -1
2867dc 0 2 2 -1
2867e0 1 2 17 2
2867e4 0 -1 -1 -1
286a94 2 31 29 -1
286a98 2 23 29 -1
286a9c 2 22 29 -1
286aa0 2 21 29 -1
286aa4 2 20 29 -1
286aa8 2 19 29 -1
286aac 2 18 29 -1
286ab0 2 17 29 -1
286ab4 2 16 29 -1
286ab8 0 29 29 -1
286abc 0 -1 31 -1
28dfb8 2 10 30 -1
28dfbc 0 64 2 10
28dfc0 0 4 64 -1
28dfc4 0 5 65 -1
28dfc8 0 5 4 -1
28dfcc 1 4 0 0
28dfd0 1 3 2 5
28dfd4 0 3 3 -1
28dfd8 0 4 2 -1
28dfdc 0 5 3 4
28dfe0 0 3 5 -1
28dfe4 0 3 3 5
28dfe8 0 5 2 3
28dfec 0 2 -1 -1
28dff0 0 2 2 -1
28dff4 2 9 30 -1
28dff8 0 -1 16 5
28dffc 0 -1 9 2
28e000 0 2 -1 -1
28e004 0 2 2 -1
28e008 0 3 9 -1
28e00c 0 -1 9 2
28e010 0 2 -1 -1
28e014 0 2 2 -1
28e018 0 -1 9 2
28e01c 0 -1 3 0
28e08c 2 9 30 -1
28e090 0 -1 9 19
28e094 0 -1 19 0
28e204 2 10 30 -1
28e208 0 -1 10 0
28e210 0 -1 19 0
28e22c 0 -1 21 0
28e230 2 9 30 -1
28e234 0 3 9 -1
28e238 0 2 3 -1
28e23c 0 2 2 -1
28e240 0 -1 2 0
28e244 0 2 3 -1
28e248 0 2 2 -1
28e24c 0 -1 2 0
28e250 0 3 9 -1
28e254 0 2 0 -1
28e258 0 -1 3 2
28e25c 0 2 0 -1
28e260 0 -1 3 2
28e264 0 2 0 -1
28e268 0 -1 3 2
28e294 0 -1 21 0
28e298 2 10 30 -1
28e29c 0 -1 10 0
28e2d8 0 -1 21 0
28e3fc 2 10 30 -1
28e400 0 -1 10 21
28e404 0 -1 10 18
28e408 0 -1 18 0
28e438 0 -1 21 0
28e788 2 2 28 -1
28e78c 0 -1 2 0
28e790 0 -1 22 0
28e794 0 3 20 -1
28e798 0 2 0 -1
28e79c 0 -1 3 2
28e998 2 9 30 -1
28e99c 0 -1 20 9
28e9a0 0 -1 30 0
28e9a4 0 -1 19 0
28e9ac 1 16 0 19
28e9b0 0 -1 19 0
28ea90 0 -1 20 0
28ea94 1 4 0 20
28ea98 1 5 0 23
28ea9c 0 31 -1 -1
26b760 0 29 29 -1
26b764 0 -1 29 31
26b768 0 -1 29 23
26b76c 0 -1 29 22
26b770 0 -1 29 21
26b774 0 -1 29 20
26b778 0 -1 29 19
26b77c 0 -1 29 18
26b780 0 -1 29 17
26b784 0 -1 29 16
26b788 0 -1 4 5
26b78c 0 -1 4 0
26b790 0 -1 5 0
26b794 0 6 4 -1
26b798 0 2 5 -1
26b79c 0 -1 6 2
26b890 1 2 0 0
26b894 0 -1 -1 -1
26b93c 2 31 29 -1
26b940 2 23 29 -1
26b944 2 22 29 -1
26b948 2 21 29 -1
26b94c 2 20 29 -1
26b950 2 19 29 -1
26b954 2 18 29 -1
26b958 2 17 29 -1
26b95c 2 16 29 -1
26b960 0 29 29 -1
26b964 0 -1 31 -1
28eaa0 0 -1 2 0
28eab0 0 2 20 -1
28eab4 0 10 0 -1
28eab8 0 -1 2 10
28eb30 1 4 0 20
28eb34 0 5 0 -1
28eb38 0 31 -1 -1
2847a8 0 29 29 -1
2847ac 0 -1 29 16
2847b0 1 16 0 4
2847b4 0 -1 29 31
2847b8 0 -1 29 23
2847bc 0 -1 29 22
2847c0 0 -1 29 21
2847c4 0 -1 29 20
2847c8 0 -1 29 19
2847cc 0 -1 29 18
2847d0 0 -1 29 17
2847d4 0 -1 16 0
2847d8 0 21 16 -1
2847dc 0 3 21 -1
2847e0 0 2 3 -1
2847e4 0 -1 2 0
2847e8 0 2 3 -1
2847ec 0 1 -1 -1
2847f0 1 1 1 2
2847f4 2 2 1 -1
2847f8 0 -1 2 -1
284838 0 18 0 -1
28483c 0 3 21 -1
284840 0 2 3 -1
284844 0 -1 2 0
284848 0 2 3 -1
28484c 0 1 -1 -1
284850 1 1 1 2
284854 2 2 1 -1
284858 0 -1 2 -1
2849bc 0 2 21 -1
2849c0 0 3 -1 -1
2849c4 1 3 3 2
2849c8 2 3 3 -1
2849cc 0 4 -1 -1
2849d0 1 4 4 2
2849d4 2 4 4 -1
2849d8 0 19 3 -1
2849dc 0 -1 19 -1
2849e0 0 23 0 -1
2849e4 0 22 0 -1
2849e8 0 2 19 -1
2849ec 1 17 2 16
2849f0 1 20 19 4
2849f4 0 2 20 -1
2849f8 0 -1 2 23
2849fc 2 4 17 -1
284a00 1 5 0 21
284a04 0 31 -1 -1
2847a8 0 29 29 -1
2847ac 0 -1 29 16
2847b0 1 16 0 4
2847b4 0 -1 29 31
2847b8 0 -1 29 23
2847bc 0 -1 29 22
2847c0 0 -1 29 21
2847c4 0 -1 29 20
2847c8 0 -1 29 19
2847cc 0 -1 29 18
2847d0 0 -1 29 17
2847d4 0 -1 16 0
2847d8 0 21 16 -1
2847dc 0 3 21 -1
2847e0 0 2 3 -1
2847e4 0 -1 2 0
2847e8 0 2 3 -1
2847ec 0 1 -1 -1
2847f0 1 1 1 2
2847f4 2 2 1 -1
2847f8 0 -1 2 -1
284838 0 18 0 -1
28483c 0 3 21 -1
284840 0 2 3 -1
284844 0 -1 2 0
284848 0 2 3 -1
28484c 0 1 -1 -1
284850 1 1 1 2
284854 2 2 1 -1
284858 0 -1 2 -1
2849bc 0 2 21 -1
2849c0 0 3 -1 -1
2849c4 1 3 3 2
2849c8 2 3 3 -1
2849cc 0 4 -1 -1
2849d0 1 4 4 2
2849d4 2 4 4 -1
2849d8 0 19 3 -1
2849dc 0 -1 19 -1
284a64 1 2 0 18
284a68 2 31 29 -1
284a6c 2 23 29 -1
284a70 2 22 29 -1
284a74 2 21 29 -1
284a78 2 20 29 -1
284a7c 2 19 29 -1
284a80 2 18 29 -1
284a84 2 17 29 -1
284a88 2 16 29 -1
284a8c 0 29 29 -1
284a90 0 -1 31 -1
284a08 1 18 18 2
284a0c 0 -1 -1 -1
284a54 0 17 17 -1
284a58 0 20 20 -1
284a5c 0 19 19 -1
284a60 0 -1 19 -1
2849f4 0 2 20 -1
2849f8 0 -1 2 23
2849fc 2 4 17 -1
284a00 1 5 0 21
284a04 0 31 -1 -1
2847a8 0 29 29 -1
2847ac 0 -1 29 16
2847b0 1 16 0 4
2847b4 0 -1 29 31
2847b8 0 -1 29 23
2847bc 0 -1 29 22
2847c0 0 -1 29 21
2847c4 0 -1 29 20
2847c8 0 -1 29 19
2847cc 0 -1 29 18
2847d0 0 -1 29 17
2847d4 0 -1 16 0
2847d8 0 21 16 -1
2847dc 0 3 21 -1
2847e0 0 2 3 -1
2847e4 0 -1 2 0
2847e8 0 2 3 -1
2847ec 0 1 -1 -1
2847f0 1 1 1 2
2847f4 2 2 1 -1
2847f8 0 -1 2 -1
284838 0 18 0 -1
28483c 0 3 21 -1
284840 0 2 3 -1
284844 0 -1 2 0
284848 0 2 3 -1
28484c 0 1 -1 -1
284850 1 1 1 2
284854 2 2 1 -1
284858 0 -1 2 -1
28496c 0 2 0 -1
284970 0 -1 -1 -1
284a68 2 31 29 -1
284a6c 2 23 29 -1
284a70 2 22 29 -1
284a74 2 21 29 -1
284a78 2 20 29 -1
284a7c 2 19 29 -1
284a80 2 18 29 -1
284a84 2 17 29 -1
284a88 2 16 29 -1
284a8c 0 29 29 -1
284a90 0 -1 31 -1
284a08 1 18 18 2
284a0c 0 -1 -1 -1
284a54 0 17 17 -1
284a58 0 20 20 -1
284a5c 0 19 19 -1
284a60 0 -1 19 -1
2849f4 0 2 20 -1
2849f8 0 -1 2 23
2849fc 2 4 17 -1
284a00 1 5 0 21
284a04 0 31 -1 -1
2847a8 0 29 29 -1
2847ac 0 -1 29 16
2847b0 1 16 0 4
2847b4 0 -1 29 31
2847b8 0 -1 29 23
2847bc 0 -1 29 22
2847c0 0 -1 29 21
2847c4 0 -1 29 20
2847c8 0 -1 29 19
2847cc 0 -1 29 18
2847d0 0 -1 29 17
2847d4 0 -1 16 0
2847d8 0 21 16 -1
2847dc 0 3 21 -1
2847e0 0 2 3 -1
2847e4 0 -1 2 0
284838 0 18 0 -1
28483c 0 3 21 -1
284840 0 2 3 -1
284844 0 -1 2 0
284848 0 2 3 -1
28484c 0 1 -1 -1
284850 1 1 1 2
284854 2 2 1 -1
284858 0 -1 2 -1
2849bc 0 2 21 -1
2849c0 0 3 -1 -1
2849c4 1 3 3 2
2849c8 2 3 3 -1
2849cc 0 4 -1 -1
2849d0 1 4 4 2
2849d4 2 4 4 -1
2849d8 0 19 3 -1
2849dc 0 -1 19 -1
2849e0 0 23 0 -1
2849e4 0 22 0 -1
2849e8 0 2 19 -1
2849ec 1 17 2 16
2849f0 1 20 19 4
2849f4 0 2 20 -1
2849f8 0 -1 2 23
2849fc 2 4 17 -1
284a00 1 5 0 21
284a04 0 31 -1 -1
2847a8 0 29 29 -1
2847ac 0 -1 29 16
2847b0 1 16 0 4
2847b4 0 -1 29 31
2847b8 0 -1 29 23
2847bc 0 -1 29 22
2847c0 0 -1 29 21
2847c4 0 -1 29 20
2847c8 0 -1 29 19
2847cc 0 -1 29 18
2847d0 0 -1 29 17
2847d4 0 -1 16 0
2847d8 0 21 16 -1
2847dc 0 3 21 -1
2847e0 0 2 3 -1
2847e4 0 -1 2 0
2847e8 0 2 3 -1
2847ec 0 1 -1 -1
2847f0 1 1 1 2
2847f4 2 2 1 -1
2847f8 0 -1 2 -1
284838 0 18 0 -1
28483c 0 3 21 -1
284840 0 2 3 -1
284844 0 -1 2 0
284848 0 2 3 -1
28484c 0 1 -1 -1
284850 1 1 1 2
284854 2 2 1 -1
284858 0 -1 2 -1
284954 2 2 16 -1
284958 0 2 2 -1
28495c 0 2 2 -1
284960 0 -1 2 0
2849ac 1 2 0 0
2849b0 0 -1 -1 -1
284a68 2 31 29 -1
284a6c 2 23 29 -1
284a70 2 22 29 -1
284a74 2 21 29 -1
284a78 2 20 29 -1
284a7c 2 19 29 -1
284a80 2 18 29 -1
284a84 2 17 29 -1
284a88 2 16 29 -1
284a8c 0 29 29 -1
284a90 0 -1 31 -1
284a08 1 18 18 2
284a0c 0 -1 -1 -1
284a54 0 17 17 -1
284a58 0 20 20 -1
284a5c 0 19 19 -1
284a60 0 -1 19 -1
2849f4 0 2 20 -1
2849f8 0 -1 2 23
2849fc 2 4 17 -1
284a00 1 5 0 21
284a04 0 31 -1 -1
2847a8 0 29 29 -1
2847ac 0 -1 29 16
2847b0 1 16 0 4
2847b4 0 -1 29 31
2847b8 0 -1 29 23
2847bc 0 -1 29 22
2847c0 0 -1 29 21
2847c4 0 -1 29 20
2847c8 0 -1 29 19
2847cc 0 -1 29 18
2847d0 0 -1 29 17
2847d4 0 -1 16 0
2847d8 0 21 16 -1
2847dc 0 3 21 -1
2847e0 0 2 3 -1
2847e4 0 -1 2 0
2847e8 0 2 3 -1
2847ec 0 1 -1 -1
2847f0 1 1 1 2
2847f4 2 2 1 -1
2847f8 0 -1 2 -1
284838 0 18 0 -1
28483c 0 3 21 -1
284840 0 2 3 -1
284844 0 -1 2 0
284848 0 2 3 -1
28484c 0 1 -1 -1
284850 1 1 1 2
284854 2 2 1 -1
284858 0 -1 2 -1
28485c 2 3 16 -1
284860 1 5 0 0
284864 0 4 0 -1
284868 0 -1 3 4
28486c 0 2 0 -1
284870 0 -1 3 2
284874 0 -1 3 4
284878 0 2 3 -1
28487c 0 2 2 -1
284880 0 -1 2 0
284884 0 2 3 -1
284888 0 -1 2 0
28488c 0 -1 3 4
284890 0 2 -1 -1
284894 1 2 2 3
284898 0 2 2 -1
28489c 0 -1 2 0
2848ac 0 5 0 -1
2848b0 1 2 0 5
2848b4 0 -1 -1 -1
284a68 2 31 29 -1
284a6c 2 23 29 -1
284a70 2 22 29 -1
284a74 2 21 29 -1
284a78 2 20 29 -1
284a7c 2 19 29 -1
284a80 2 18 29 -1
284a84 2 17 29 -1
284a88 2 16 29 -1
284a8c 0 29 29 -1
284a90 0 -1 31 -1
284a08 1 18 18 2
284a0c 0 -1 -1 -1
284a54 0 17 17 -1
284a58 0 20 20 -1
284a5c 0 19 19 -1
284a60 0 -1 19 -1
284a64 1 2 0 18
284a68 2 31 29 -1
284a6c 2 23 29 -1
284a70 2 22 29 -1
284a74 2 21 29 -1
284a78 2 20 29 -1
284a7c 2 19 29 -1
284a80 2 18 29 -1
284a84 2 17 29 -1
284a88 2 16 29 -1
284a8c 0 29 29 -1
284a90 0 -1 31 -1
284a08 1 18 18 2
284a0c 0 -1 -1 -1
284a54 0 17 17 -1
284a58 0 20 20 -1
284a5c 0 19 19 -1
284a60 0 -1 19 -1
284a64 1 2 0 18
284a68 2 31 29 -1
284a6c 2 23 29 -1
284a70 2 22 29 -1
284a74 2 21 29 -1
284a78 2 20 29 -1
284a7c 2 19 29 -1
284a80 2 18 29 -1
284a84 2 17 29 -1
284a88 2 16 29 -1
284a8c 0 29 29 -1
284a90 0 -1 31 -1
28eb3c 0 2 2 -1
28eb40 0 -1 30 2
28eb44 2 10 30 -1
28eb48 0 -1 10 0
28ec04 2 10 30 -1
28ec08 0 -1 10 0
28ecc4 0 -1 22 0
28eda8 2 2 28 -1
28edac 0 -1 23 2
28edb0 0 -1 21 0
28edcc 2 10 30 -1
28edd0 2 17 30 -1
28edd4 0 9 -1 -1
28edd8 0 9 9 -1
28eddc 0 2 10 -1
28ede0 1 18 2 9
28ede4 0 -1 19 0
28ee30 2 10 30 -1
28ee34 2 9 30 -1
28ee38 0 2 10 9
28ee3c 0 -1 2 0
28ee8c 2 9 30 -1
28ee90 2 10 30 -1
28ee94 0 2 9 10
28ee98 0 -1 2 0
28ee9c 2 9 30 -1
28eea0 0 2 9 10
28eea4 0 -1 2 0
28eea8 2 9 30 -1
28eeac 0 2 9 10
28eeb0 0 -1 2 0
28eeb4 1 16 0 20
28eeb8 0 10 0 -1
28eebc 0 -1 30 10
28eec0 0 -1 -1 -1
28ef38 2 9 30 -1
28ef3c 0 10 0 -1
28ef40 0 -1 9 10
28ef44 2 2 28 -1
28ef48 0 -1 23 2
28ef4c 0 -1 16 23
28ef50 0 3 16 -1
28ef54 0 2 0 -1
28ef58 0 -1 3 2
28efc4 2 4 30 -1
28efc8 2 5 17 -1
28efcc 1 6 0 16
28efd0 1 7 0 0
28efd4 0 5 5 -1
28efd8 0 31 -1 -1
2e6aac 0 29 29 -1
2e6ab0 0 -1 29 18
2e6ab4 1 18 0 4
2e6ab8 0 -1 29 17
2e6abc 1 17 0 5
2e6ac0 0 -1 29 31
2e6ac4 0 -1 29 20
2e6ac8 0 -1 29 19
2e6acc 0 -1 29 16
2e6ad0 2 19 17 -1
2e6ad4 1 16 0 6
2e6ad8 1 20 0 7
2e6adc 0 -1 19 16
2e6b78 0 2 0 -1
2e6b7c 2 31 29 -1
2e6b80 2 20 29 -1
2e6b84 2 19 29 -1
2e6b88 2 18 29 -1
2e6b8c 2 17 29 -1
2e6b90 2 16 29 -1
2e6b94 0 29 29 -1
2e6b98 0 -1 31 -1
28efdc 0 -1 2 0
28ed64 2 2 17 -1
28ed68 2 5 30 -1
28ed6c 2 4 2 -1
28ed70 0 31 -1 -1
2874fc 0 29 29 -1
287500 0 -1 29 21
287504 1 21 0 4
287508 0 -1 29 19
28750c 1 19 0 5
287510 0 -1 29 31
287514 0 -1 29 30
287518 0 -1 29 23
28751c 0 -1 29 22
287520 0 -1 29 20
287524 0 -1 29 18
287528 0 -1 29 17
28752c 0 -1 29 16
287530 0 -1 21 0
28753c 0 4 21 -1
287540 0 3 4 -1
287544 0 2 3 -1
287548 0 -1 2 0
2875e8 0 2 4 -1
2875ec 0 3 -1 -1
2875f0 1 3 3 2
2875f4 2 3 3 -1
2875f8 0 4 -1 -1
2875fc 1 4 4 2
287600 2 4 4 -1
287604 0 20 3 -1
287608 0 -1 20 -1
28760c 0 30 -1 -1
287610 0 30 30 -1
287614 0 2 20 -1
287618 1 18 2 21
28761c 1 23 0 2
287620 1 22 20 4
287624 0 3 22 -1
287628 0 2 0 -1
28762c 0 -1 3 2
287630 2 4 18 -1
287634 1 5 0 19
287638 0 31 -1 -1
2874fc 0 29 29 -1
287500 0 -1 29 21
287504 1 21 0 4
287508 0 -1 29 19
28750c 1 19 0 5
287510 0 -1 29 31
287514 0 -1 29 30
287518 0 -1 29 23
28751c 0 -1 29 22
287520 0 -1 29 20
287524 0 -1 29 18
287528 0 -1 29 17
28752c 0 -1 29 16
287530 0 -1 21 0
28753c 0 4 21 -1
287540 0 3 4 -1
287544 0 2 3 -1
287548 0 -1 2 0
28754c 0 2 3 -1
287550 0 1 -1 -1
287554 1 1 1 2
287558 2 2 1 -1
28755c 0 -1 2 -1
287714 1 2 0 21
287718 2 31 29 -1
28771c 2 30 29 -1
287720 2 23 29 -1
287724 2 22 29 -1
287728 2 21 29 -1
28772c 2 20 29 -1
287730 2 19 29 -1
287734 2 18 29 -1
287738 2 17 29 -1
28773c 2 16 29 -1
287740 0 29 29 -1
287744 0 -1 31 -1
28763c 1 16 0 2
287640 0 -1 19 0
287644 0 -1 16 0
287648 0 3 16 -1
28764c 0 2 0 -1
287650 0 -1 3 2
2876a8 0 -1 18 16
2876ac 0 -1 -1 -1
287700 0 18 18 -1
287704 0 23 23 -1
287708 0 22 22 -1
28770c 0 20 20 -1
287710 0 -1 20 -1
287624 0 3 22 -1
287628 0 2 0 -1
28762c 0 -1 3 2
287630 2 4 18 -1
287634 1 5 0 19
287638 0 31 -1 -1
2874fc 0 29 29 -1
287500 0 -1 29 21
287504 1 21 0 4
287508 0 -1 29 19
28750c 1 19 0 5
287510 0 -1 29 31
287514 0 -1 29 30
287518 0 -1 29 23
28751c 0 -1 29 22
287520 0 -1 29 20
287524 0 -1 29 18
287528 0 -1 29 17
28752c 0 -1 29 16
287530 0 -1 21 0
28753c 0 4 21 -1
287540 0 3 4 -1
287544 0 2 3 -1
287548 0 -1 2 0
28754c 0 2 3 -1
287550 0 1 -1 -1
287554 1 1 1 2
287558 2 2 1 -1
28755c 0 -1 2 -1
287714 1 2 0 21
287718 2 31 29 -1
28771c 2 30 29 -1
287720 2 23 29 -1
287724 2 22 29 -1
287728 2 21 29 -1
28772c 2 20 29 -1
287730 2 19 29 -1
287734 2 18 29 -1
287738 2 17 29 -1
28773c 2 16 29 -1
287740 0 29 29 -1
287744 0 -1 31 -1
28763c 1 16 0 2
287640 0 -1 19 0
287644 0 -1 16 0
287648 0 3 16 -1
28764c 0 2 0 -1
287650 0 -1 3 2
2876a8 0 -1 18 16
2876ac 0 -1 -1 -1
287700 0 18 18 -1
287704 0 23 23 -1
287708 0 22 22 -1
28770c 0 20 20 -1
287710 0 -1 20 -1
287624 0 3 22 -1
287628 0 2 0 -1
28762c 0 -1 3 2
287630 2 4 18 -1
287634 1 5 0 19
287638 0 31 -1 -1
2874fc 0 29 29 -1
287500 0 -1 29 21
287504 1 21 0 4
287508 0 -1 29 19
28750c 1 19 0 5
287510 0 -1 29 31
287514 0 -1 29 30
287518 0 -1 29 23
28751c 0 -1 29 22
287520 0 -1 29 20
287524 0 -1 29 18
287528 0 -1 29 17
28752c 0 -1 29 16
287530 0 -1 21 0
28753c 0 4 21 -1
287540 0 3 4 -1
287544 0 2 3 -1
287548 0 -1 2 0
2875e8 0 2 4 -1
2875ec 0 3 -1 -1
2875f0 1 3 3 2
2875f4 2 3 3 -1
2875f8 0 4 -1 -1
2875fc 1 4 4 2
287600 2 4 4 -1
287604 0 20 3 -1
287608 0 -1 20 -1
28760c 0 30 -1 -1
287610 0 30 30 -1
287614 0 2 20 -1
287618 1 18 2 21
28761c 1 23 0 2
287620 1 22 20 4
287624 0 3 22 -1
287628 0 2 0 -1
28762c 0 -1 3 2
287630 2 4 18 -1
287634 1 5 0 19
287638 0 31 -1 -1
2874fc 0 29 29 -1
287500 0 -1 29 21
287504 1 21 0 4
287508 0 -1 29 19
28750c 1 19 0 5
287510 0 -1 29 31
287514 0 -1 29 30
287518 0 -1 29 23
28751c 0 -1 29 22
287520 0 -1 29 20
287524 0 -1 29 18
287528 0 -1 29 17
28752c 0 -1 29 16
287530 0 -1 21 0
28753c 0 4 21 -1
287540 0 3 4 -1
287544 0 2 3 -1
287548 0 -1 2 0
28754c 0 2 3 -1
287550 0 1 -1 -1
287554 1 1 1 2
287558 2 2 1 -1
28755c 0 -1 2 -1
287714 1 2 0 21
287718 2 31 29 -1
28771c 2 30 29 -1
287720 2 23 29 -1
287724 2 22 29 -1
287728 2 21 29 -1
28772c 2 20 29 -1
287730 2 19 29 -1
287734 2 18 29 -1
287738 2 17 29 -1
28773c 2 16 29 -1
287740 0 29 29 -1
287744 0 -1 31 -1
28763c 1 16 0 2
287640 0 -1 19 0
287644 0 -1 16 0
287648 0 3 16 -1
28764c 0 2 0 -1
287650 0 -1 3 2
2876a8 0 -1 18 16
2876ac 0 -1 -1 -1
287700 0 18 18 -1
287704 0 23 23 -1
287708 0 22 22 -1
28770c 0 20 20 -1
287710 0 -1 20 -1
287624 0 3 22 -1
287628 0 2 0 -1
28762c 0 -1 3 2
287630 2 4 18 -1
287634 1 5 0 19
287638 0 31 -1 -1
2874fc 0 29 29 -1
287500 0 -1 29 21
287504 1 21 0 4
287508 0 -1 29 19
28750c 1 19 0 5
287510 0 -1 29 31
287514 0 -1 29 30
287518 0 -1 29 23
28751c 0 -1 29 22
287520 0 -1 29 20
287524 0 -1 29 18
287528 0 -1 29 17
28752c 0 -1 29 16
287530 0 -1 21 0
28753c 0 4 21 -1
287540 0 3 4 -1
287544 0 2 3 -1
287548 0 -1 2 0
28754c 0 2 3 -1
287550 0 1 -1 -1
287554 1 1 1 2
287558 2 2 1 -1
28755c 0 -1 2 -1
287560 2 4 21 -1
287564 0 2 4 -1
287568 0 -1 2 0
287714 1 2 0 21
287718 2 31 29 -1
28771c 2 30 29 -1
287720 2 23 29 -1
287724 2 22 29 -1
287728 2 21 29 -1
28772c 2 20 29 -1
287730 2 19 29 -1
287734 2 18 29 -1
287738 2 17 29 -1
28773c 2 16 29 -1
287740 0 29 29 -1
287744 0 -1 31 -1
28763c 1 16 0 2
287640 0 -1 19 0
287644 0 -1 16 0
287648 0 3 16 -1
28764c 0 2 0 -1
287650 0 -1 3 2
287654 2 4 18 -1
287658 0 2 4 -1
28765c 0 -1 2 3
287660 2 3 16 -1
287664 2 2 4 -1
287668 0 3 3 -1
28766c 0 2 2 -1
287670 0 -1 3 2
287674 1 4 0 19
287678 0 31 -1 -1
2e69b4 0 29 29 -1
2e69b8 0 -1 29 16
2e69bc 1 16 0 4
2e69c0 0 -1 29 31
2e69c4 2 2 16 -1
2e69c8 0 -1 2 -1
2e69e0 2 2 16 -1
2e69e4 2 31 29 -1
2e69e8 2 16 29 -1
2e69ec 0 29 29 -1
2e69f0 0 -1 31 -1
28767c 0 2 2 -1
287680 1 2 2 30
287684 2 2 2 -1
287688 0 -1 2 -1
2876a8 0 -1 18 16
2876ac 0 -1 -1 -1
287700 0 18 18 -1
287704 0 23 23 -1
287708 0 22 22 -1
28770c 0 20 20 -1
287710 0 -1 20 -1
287714 1 2 0 21
287718 2 31 29 -1
28771c 2 30 29 -1
287720 2 23 29 -1
287724 2 22 29 -1
287728 2 21 29 -1
28772c 2 20 29 -1
287730 2 19 29 -1
287734 2 18 29 -1
287738 2 17 29 -1
28773c 2 16 29 -1
287740 0 29 29 -1
287744 0 -1 31 -1
28763c 1 16 0 2
287640 0 -1 19 0
287644 0 -1 16 0
287648 0 3 16 -1
28764c 0 2 0 -1
287650 0 -1 3 2
2876a8 0 -1 18 16
2876ac 0 -1 -1 -1
287700 0 18 18 -1
287704 0 23 23 -1
287708 0 22 22 -1
28770c 0 20 20 -1
287710 0 -1 20 -1
287714 1 2 0 21
287718 2 31 29 -1
28771c 2 30 29 -1
287720 2 23 29 -1
287724 2 22 29 -1
287728 2 21 29 -1
28772c 2 20 29 -1
287730 2 19 29 -1
287734 2 18 29 -1
287738 2 17 29 -1
28773c 2 16 29 -1
287740 0 29 29 -1
287744 0 -1 31 -1
28ed74 2 4 30 -1
28ed78 2 5 17 -1
28ed7c 1 6 0 2
28ed80 0 7 0 -1
28ed84 0 5 5 -1
28ed88 0 31 -1 -1
2e6aac 0 29 29 -1
2e6ab0 0 -1 29 18
2e6ab4 1 18 0 4
2e6ab8 0 -1 29 17
2e6abc 1 17 0 5
2e6ac0 0 -1 29 31
2e6ac4 0 -1 29 20
2e6ac8 0 -1 29 19
2e6acc 0 -1 29 16
2e6ad0 2 19 17 -1
2e6ad4 1 16 0 6
2e6ad8 1 20 0 7
2e6adc 0 -1 19 16
2e6b78 0 2 0 -1
2e6b7c 2 31 29 -1
2e6b80 2 20 29 -1
2e6b84 2 19 29 -1
2e6b88 2 18 29 -1
2e6b8c 2 17 29 -1
2e6b90 2 16 29 -1
2e6b94 0 29 29 -1
2e6b98 0 -1 31 -1
28ed8c 0 31 -1 -1
2e6b9c 2 2 28 -1
2e6ba0 0 29 29 -1
2e6ba4 0 -1 29 20
2e6ba8 1 20 0 0
2e6bac 0 -1 29 31
2e6bb0 0 -1 29 23
2e6bb4 0 -1 29 22
2e6bb8 0 -1 29 21
2e6bbc 0 -1 29 19
2e6bc0 0 -1 29 18
2e6bc4 0 -1 29 17
2e6bc8 0 -1 29 16
2e6bcc 0 -1 2 -1
2e6dc4 2 2 28 -1
2e6dc8 0 -1 20 2
2e6ddc 0 -1 28 0
2e6de0 0 2 0 -1
2e6de4 2 31 29 -1
2e6de8 2 23 29 -1
2e6dec 2 22 29 -1
2e6df0 2 21 29 -1
2e6df4 2 20 29 -1
2e6df8 2 19 29 -1
2e6dfc 2 18 29 -1
2e6e00 2 17 29 -1
2e6e04 2 16 29 -1
2e6e08 0 29 29 -1
2e6e0c 0 -1 31 -1
28ed90 0 -1 -1 -1
28f050 2 10 30 -1
28f054 2 7 10 -1
28f058 0 2 23 -1
28f05c 2 20 7 -1
28f060 0 9 0 -1
28f064 0 -1 2 9
28f264 2 9 30 -1
28f268 2 2 9 -1
28f26c 0 -1 20 2
28f3c8 2 10 30 -1
28f3cc 0 9 0 -1
28f3d0 0 -1 10 9
28f3d4 0 -1 21 0
28f4d8 2 9 30 -1
28f4dc 2 2 9 -1
28f4e0 2 10 30 -1
28f4e4 0 2 2 -1
28f4e8 0 -1 10 2
28f4ec 0 3 23 -1
28f4f0 0 -1 28 0
28f4f4 0 -1 -1 -1
28f50c 0 2 3 -1
28f510 0 2 2 -1
28f514 0 -1 2 0
28f518 0 2 3 -1
28f51c 0 2 2 -1
28f520 0 -1 2 0
28f524 2 10 30 -1
28f528 0 -1 10 23
28f52c 0 3 23 -1
28f530 0 2 0 -1
28f534 0 -1 3 2
28f554 0 2 23 -1
28f558 2 16 30 -1
28f55c 0 9 0 -1
28f560 0 -1 2 9
28f5bc 2 5 30 -1
28f5c0 1 4 0 23
28f5c4 0 31 -1 -1
286748 0 29 29 -1
28674c 1 6 0 4
286750 0 -1 29 23
286754 1 23 0 5
286758 0 -1 29 17
28675c 1 17 0 0
286760 0 -1 29 31
286764 0 -1 29 22
286768 0 -1 29 21
28676c 0 -1 29 20
286770 0 -1 29 19
286774 0 -1 29 18
286778 0 -1 29 16
28677c 0 -1 6 0
28678c 0 7 6 -1
286790 0 3 7 -1
286794 0 2 3 -1
286798 0 -1 2 0
28679c 0 2 3 -1
2867a0 0 1 -1 -1
2867a4 1 1 1 2
2867a8 2 2 1 -1
2867ac 0 -1 2 -1
2868c4 0 2 0 -1
2868c8 0 -1 28 2
2868cc 1 2 0 0
2868d0 0 -1 -1 -1
286a94 2 31 29 -1
286a98 2 23 29 -1
286a9c 2 22 29 -1
286aa0 2 21 29 -1
286aa4 2 20 29 -1
286aa8 2 19 29 -1
286aac 2 18 29 -1
286ab0 2 17 29 -1
286ab4 2 16 29 -1
286ab8 0 29 29 -1
286abc 0 -1 31 -1
28f5c8 2 9 30 -1
28f5cc 0 64 2 9
28f5d0 0 4 64 -1
28f5d4 0 5 65 -1
28f5d8 0 5 4 -1
28f5dc 1 4 0 0
28f5e0 1 3 2 5
28f5e4 0 3 3 -1
28f5e8 0 4 2 -1
28f5ec 0 5 3 4
28f5f0 0 3 5 -1
28f5f4 0 3 3 5
28f5f8 0 5 2 3
28f5fc 2 10 30 -1
28f600 0 -1 16 5
28f604 2 2 10 -1
28f608 2 3 2 -1
28f60c 0 2 3 -1
28f610 0 2 2 -1
28f614 0 2 2 -1
28f618 0 -1 2 0
28f674 2 10 30 -1
28f678 0 9 0 -1
28f67c 0 -1 10 9
28f680 2 2 28 -1
28f684 0 -1 23 2
28f688 0 -1 20 23
28f6c4 2 2 28 -1
28f6c8 0 -1 23 2
28f6cc 0 3 20 -1
28f6d0 0 2 0 -1
28f6d4 0 -1 3 2
28f7e0 2 2 28 -1
28f7e4 0 -1 2 0
28f7e8 0 3 23 -1
28f7ec 0 10 0 -1
28f7f0 0 -1 3 10
28f7f4 0 2 0 -1
28f7f8 0 -1 3 2
28f7fc 0 2 0 -1
28f800 0 -1 3 2
28f80c 0 2 0 -1
28f810 0 -1 3 2
28f814 0 2 0 -1
28f818 0 -1 3 2
28f824 2 9 30 -1
28f828 0 -1 9 0
28f82c 2 10 30 -1
28f830 2 2 10 -1
28f834 0 -1 2 0
28f8f4 2 9 30 -1
28f8f8 2 10 30 -1
28f8fc 0 9 9 -1
28f900 0 -1 30 9
28f904 2 9 30 -1
28f908 0 10 10 -1
28f90c 0 -1 30 10
28f910 0 2 10 9
28f914 0 -1 2 0
28f918 2 10 30 -1
